3 0.45096116524687957 0.45164743825458115 0.14580907438050295 0.11864543114543114
2 0.513204531061674 0.5052246123674695 0.03894200322771746 0.027195562909848703
0 0.44808839451696597 0.44810435435435436 0.10048313619742189 0.07689449653735364
0 0.39925129210843496 0.5186787552858981 0.05081612224469367 0.046826162897591395
3 0.41463657535086107 0.5242327786970644 0.08414026271169134 0.0585087638659067
2 0.42568078282363997 0.5290686094257524 0.047751833466119165 0.0350478029049458
3 0.5012665726951442 0.5746977845192132 0.08222508222508218 0.057742691671263
2 0.5194607873179302 0.5847046025617455 0.04558129558129559 0.03466476680762398
0 0.47202815059957925 0.5823585064656494 0.017619660476803356 0.014842648771220102
0 0.49252058180629615 0.5606212079426365 0.058859880288451794 0.027291321934179047
