4 0.6307943531394858 0.673154586318303 0.20221707168609826 0.08691529709228829
4 0.6919569696118368 0.5284054993678887 0.08925644987591896 0.06650337126000833
5 0.6959076649342135 0.5301613639556118 0.047993632064428526 0.03577574097485603
5 0.5279299527087138 0.6480237744065177 0.02984969799129089 0.03840953785644041
2 0.5383188181860747 0.5460738867818513 0.02955705389333707 0.017997612024160725
2 0.6713255607060916 0.63178202697008 0.04916420845624381 0.025679519595448785
0 0.5722655335487193 0.5830567846607669 0.05296858172964369 0.05201748841129383
0 0.6425001170576392 0.592494556819778 0.08106241513321166 0.052895420705155294
3 0.628892166502786 0.5761430678466076 0.12173994474879424 0.12203258884674817
3 0.565973685442712 0.5817398862199747 0.07199044809664279 0.07220993117010821
