2 0.5052925951363451 0.5004303181386515 0.03457913614163605 0.047165411748745056
3 0.504060464997965 0.5139440035273368 0.05691646316646326 0.08563966897300235
3 0.454059829059829 0.46322793718627053 0.1759958791208791 0.23667497625830958
0 0.41920246998371996 0.4896193698277031 0.09674208892958891 0.12390194681861344
0 0.44316938848188847 0.5221582044498712 0.07758445258445262 0.1071555759055759
4 0.5679325015262515 0.5100753798670465 0.09674208892958891 0.3081120268620269
5 0.5400704619454619 0.6681590014923349 0.03402269027269034 0.02628544295210966
5 0.6546585648148149 0.5851690747524081 0.03600999694749707 0.026921381088047758
4 0.6649097708992412 0.45029832263874814 0.08680555555555558 0.2617359000337724
0 0.5015564585877086 0.5358838692172025 0.05159048127798127 0.0398521231854565
