3 0.36188943734675444 0.49296208998504554 0.07739439497569589 0.09484145961907803
0 0.37450292370704763 0.5206612638836234 0.04913919360007318 0.037496314209489734
0 0.38894431832412324 0.4716877459720431 0.013700131268465976 0.018060536606036293
3 0.4885357328768116 0.5310443228565672 0.1154253091636464 0.09643343977524305
0 0.47765744923220943 0.5326802672463866 0.0640840892008227 0.0798493709630339
2 0.5434849378347831 0.5007412321653807 0.01965698560125806 0.04668534080298786
3 0.4835841501922962 0.4659025691329062 0.09637463815834602 0.06285926931994346
0 0.49006881121242823 0.4721800067544748 0.06279550827423164 0.049954970167736146
0 0.4868760100759222 0.443561841582902 0.05828424293495055 0.015198376400071767
2 0.43260701592894923 0.47722608622731255 0.013920405334914288 0.0325549307604292
