5 0.43832242492956774 0.30942932728647016 0.04112124647838933 0.06026821503011981
4 0.4443886140314711 0.34808115165258025 0.08353088710231565 0.13327721661054992
5 0.5184175943104514 0.33727295632057536 0.040906514120799764 0.06785542499828212
3 0.5853604067889782 0.3631124166838452 0.1161702054559196 0.10035158844682651
0 0.5811194427265856 0.3909560457179505 0.0855708444994161 0.04036968322682605
0 0.5900845186559471 0.3481527291051101 0.09061705490276928 0.06499232689708884
3 0.5122977221191507 0.4847940859845622 0.15063474884903455 0.1659165349641541
0 0.4866908884766028 0.5061957442909824 0.07150587507730366 0.09906319430128957
5 0.5263090084518656 0.5628850866946105 0.02555315055315066 0.05382624430243477
4 0.6479012059369202 0.5054083923131543 0.24125180375180366 0.1630534368629607
