5 0.4911849569640063 0.4264009985840972 0.046197322825843934 0.060315597287428246
4 0.49795299575229157 0.42255849914300625 0.08767885088307631 0.11248043818466352
0 0.5776411943885535 0.5250251509054327 0.09003674826738206 0.15533012892167825
3 0.5833176140174381 0.45783963037484166 0.10366015537670459 0.31438631790744465
2 0.3833766487815784 0.47478155972874286 0.041568857589984354 0.05461006781429323
3 0.36377116867873915 0.5540767754676206 0.25072308853118713 0.21552928683210376
2 0.2629928878828527 0.4769356882032939 0.026460848423876637 0.052863477159251826
0 0.3894023865414711 0.5654296147253894 0.14199782025486252 0.1651110365899099
3 0.3952932524361096 0.4651335008477866 0.0748835570264142 0.09141794856080576
0 0.4029060948703806 0.4635375171089457 0.05391233069804502 0.08694919409205115
