3 0.4038658474142345 0.44045485577743637 0.06272401433691749 0.09152585765488991
3 0.5081125192012289 0.48440433521078674 0.11568740399385563 0.08000512032770096
3 0.5783570148489503 0.4153865847414234 0.05072324628776248 0.0896057347670251
2 0.5825972862263185 0.3848779655231268 0.030081925243215513 0.04138931558286396
2 0.44674859190988225 0.503605564089435 0.016641065028161817 0.0369090288445128
2 0.3945852534562212 0.41922683051715304 0.04416282642089092 0.05845707458610688
0 0.40546594982078854 0.4494154292541389 0.049923195084485394 0.0539767878477555
0 0.3938652073732719 0.41688001365420724 0.027681771633384533 0.035842293906809986
0 0.5149929595494112 0.4853643966547192 0.058723758320532615 0.07381805768902544
0 0.5767569124423964 0.4288274449564772 0.0472030209933435 0.05248335893497175
