0 0.5225070600837471 0.559633362547473 0.10123510890382059 0.05173337228551966
0 0.6395664946278443 0.5730992550394389 0.06512318628883051 0.020541191936897518
0 0.6432182620832927 0.59516201674944 0.038749310221702804 0.028757668711656414
0 0.5573002888953809 0.6234632145291654 0.050718992436783794 0.021758447755380272
2 0.559633362547473 0.6754248222806505 0.04605284513259966 0.03743061641834633
2 0.6430153861135455 0.5949337812834745 0.05903690719641641 0.04321258155613994
5 0.6022373161943714 0.5554490456714383 0.03915506216119713 0.02754041289317355
4 0.5938179634498653 0.5110952867854708 0.09291719414418798 0.06968789560814104
3 0.5259559515694485 0.5598615980134385 0.12476872139448825 0.05218984321745068
3 0.5685599052163469 0.6517644123088908 0.09190281429545233 0.08079535495179668
3 0.6427110721589249 0.5896082870776123 0.07425260492745156 0.060254163014899165
