4 0.4340277777777778 0.6723051744238185 0.0760862254506322 0.09976683705497269
5 0.42173207559860104 0.6843556631692226 0.03678201506591339 0.04932293067886295
3 0.32431228140973906 0.6479239530086989 0.07146220069948883 0.07174244462380053
3 0.38106167608286257 0.5533416285534929 0.05590866290018831 0.06361537081876067
3 0.45094750470809797 0.5532015065913372 0.04518933279526499 0.0560487848623441
0 0.3420496986673457 0.6450181082534023 0.03474874798404204 0.06666808137396363
0 0.39390756302521 0.5596051551933905 0.028913080383668632 0.05110630110630121
0 0.46061985400220695 0.5565104829810712 0.025464731347084324 0.04951475539710837
2 0.37096321532999166 0.5514002018936229 0.030512479114452817 0.039377958785853595
2 0.4466733239348371 0.5512914230019493 0.02953346908939014 0.039595516569200795
