0 0.47957425864402614 0.45190799187892217 0.039067306509167066 0.009805278700627473
0 0.42404946474713917 0.426702657807309 0.006767564907099843 0.021686969361387975
3 0.4727297895902547 0.41574381690660767 0.1050510643533899 0.08328719084533037
5 0.5483265657684262 0.4353543743078627 0.04368155530946227 0.020533407161314188
4 0.48995631844469056 0.5237749169435216 0.17118863049095606 0.17637966039128833
5 0.5375599852344038 0.6199243263196752 0.04368155530946227 0.025147655961609394
3 0.5570936384889873 0.643514673311185 0.07998031253845206 0.0660991140642303
0 0.5494801279685 0.6337670727205611 0.06444567491079123 0.04545035068290881
0 0.608176023077153 0.49385985561833023 0.023447075000747386 0.012330732669715738
3 0.6220013900098647 0.5018818379517532 0.05371341882641312 0.02963579499596447
