3 0.5239959518483008 0.5877476829658037 0.08167323603565207 0.09920634920634919
3 0.6235352082667518 0.6742203313092574 0.06769113312737474 0.08039709172259502
3 0.6688105891126026 0.582005033557047 0.07346152480380674 0.0547632363907532
5 0.6132150846915947 0.6064737136465325 0.038173360321011374 0.014814370938531995
4 0.5951271261673947 0.5042711995312666 0.09210432868150986 0.19857915201874937
2 0.49691949859735096 0.5372290135293492 0.03595397890699914 0.019142164695856057
0 0.6235352082667518 0.6575749707041654 0.06769113312737474 0.04111404069457747
0 0.6554943006285288 0.5711855491637371 0.046828947835659274 0.03245845317992968
0 0.535203827989063 0.5898283530414403 0.05304321579489357 0.06608208160221585
0 0.505749023678632 0.5980027735041782 0.04004486660175749 0.05905464261559157
