2 0.5796274127279714 0.7006794803582512 0.04489225857940937 0.03713310277556092
2 0.561060861340191 0.5435565753303183 0.05135822174928317 0.018289438680500147
3 0.48744125210605654 0.5947531480003547 0.06780024238124793 0.05362130885873906
3 0.5803663799473855 0.6672181209541544 0.08738287369572284 0.08354948124501194
3 0.5859086340929917 0.4839773432650528 0.09477254588986428 0.12082114037421304
4 0.6135275339185954 0.5758402057284739 0.10456386154710184 0.11223064644852354
5 0.6396684993053708 0.5139055156513257 0.04193638970175284 0.026879932606189594
0 0.5760249475333274 0.6435942626585085 0.06983240223463683 0.03186796133723513
0 0.49381484437350354 0.5872018267269663 0.05468357423664688 0.03741021548284118
0 0.5779647364842896 0.5012968874700718 0.07592888179480362 0.044338033164848745
