0 0.3273626486264863 0.5424012573459067 0.051616587594447316 0.07785196899588043
0 0.3859346629180578 0.7003016458736016 0.058205939202249146 0.08444132060368226
0 0.46006486850582795 0.49511655830844026 0.028736894511802225 0.07431324313243137
0 0.4390613102559597 0.5065258985923192 0.043837491946348006 0.08688182119916438
3 0.44565066186376157 0.5103086745153166 0.06342250922509224 0.1291024815010054
2 0.46811852047091895 0.5747989027509323 0.025808293797223658 0.025015131103691912
2 0.3627359723038735 0.6170117795632198 0.026536677771245687 0.0258562501360855
3 0.38707827095172775 0.6928114181200601 0.06889329805996475 0.15296013238400064
3 0.32762590632961 0.5223642955124437 0.05388986870468354 0.16371088901953101
5 0.3501310503625318 0.42969005160363183 0.026842870207067715 0.02898621725782219
4 0.40131621921745375 0.5431173383848281 0.11921092168005748 0.23325059333289794
