0 0.6267880214101145 0.45327304048234285 0.10878091546696211 0.18641565153193063
3 0.6196359357696568 0.5202565522332965 0.1251614987080104 0.3505291005291006
3 0.5372959696758721 0.4760277799265963 0.06556736177877964 0.21558175886326264
0 0.5365039879965252 0.4632920055805627 0.06687791202716575 0.09871278527994942
2 0.5353774740348813 0.5906792300825223 0.037865797896662 0.02680884882530965
4 0.44168258867332943 0.6021784571167287 0.1550354366712392 0.17255644827661287
3 0.4308127572016461 0.4030853310688702 0.21637598798092628 0.35110065974263505
5 0.36390970997452476 0.668792322598907 0.04807221242406434 0.07008404642149502
0 0.41249224312495913 0.4362901996646852 0.11257675223724606 0.16656868508720363
2 0.5115965281860344 0.2647543928408126 0.04031533738323867 0.04395562523134541
