0 0.5501332477435418 0.38998672385620914 0.11549758792405851 0.06473943744164329
0 0.5025968720821662 0.43740152310924363 0.08899393090569557 0.05744485294117646
0 0.47536375661375657 0.4463373891223156 0.02382897603485845 0.027172327264239016
0 0.5282494942421413 0.5039646066760036 0.09555905695611583 0.032643265639589136
0 0.5148760893246187 0.5302251108776843 0.10674408652349832 0.05890376984126988
5 0.44472650171179584 0.5757250816993463 0.042308590102707766 0.03647292250233436
4 0.5404071350762527 0.5977000175070027 0.1762857920946156 0.09391777544351076
3 0.5041773653906007 0.52265697945845 0.17628579209461553 0.08060515873015867
3 0.447036453470277 0.4539967028478058 0.08534663865546216 0.05416228991596633
3 0.542960239651416 0.41278230042016806 0.22321428571428575 0.1347674486461251
