0 0.5323007339136372 0.5665362583205324 0.047469704727769235 0.03340213773681511
0 0.6235065710872163 0.5937379992319509 0.07947175285884966 0.05260336661546339
3 0.5253669568185697 0.5729366679467487 0.06293736132445815 0.04700300819252423
3 0.6104390681003584 0.577136936763953 0.11627410820959205 0.1222078213005634
4 0.6089723075610173 0.6744431643625193 0.20294632189793482 0.09240591397849462
4 0.6761766086362861 0.5307339669738863 0.09360599078341025 0.06660426267281094
5 0.6811102577231609 0.5322340629800307 0.047469704727769124 0.0360023041474653
5 0.5070991210104113 0.6463413658474142 0.032268731865506106 0.03820244495647718
5 0.5185665215907151 0.5796370967741935 0.057337002901518996 0.04360279057859706
2 0.6512416794674859 0.6337405593958013 0.049069807134323185 0.025001600102406485
