2 0.39882490463885817 0.4354697305278701 0.0326073581887536 0.030223329641934304
3 0.4770364218038637 0.4757290513104467 0.16934293097083797 0.10082133628645262
0 0.4913405930847791 0.48074704688076786 0.1044358311800172 0.07601974898486535
0 0.4138212132398179 0.5275239940937616 0.04168204749600096 0.04591177556293835
2 0.43089393380091057 0.530811646363972 0.07798080472499075 0.05433277962347727
2 0.44181432262827613 0.534560723514212 0.044450596776178186 0.03253045404208199
0 0.47949735449735453 0.5850290697674418 0.013996554694229058 0.009343853820597992
0 0.4920327304048234 0.5646110188261351 0.030761658668635394 0.008882428940568343
3 0.4956472252983881 0.5774155592469545 0.0533714777900825 0.03656792174234036
2 0.5071828472991263 0.5824335548172758 0.033991632828842044 0.025147655961609505
