0 0.3701973360403593 0.5461476149460646 0.06440722283745531 0.08587629711660716
0 0.3701973360403593 0.4794973544973545 0.045565706902916114 0.06229235880398665
0 0.44690922234526886 0.5243581067224478 0.06171557770394981 0.08741438005003904
4 0.40326611910914234 0.6490709979082072 0.14438753537590748 0.12817357778598082
5 0.4740179340470038 0.6057483286165457 0.024032545834871355 0.04819326524752865
3 0.3690194585586173 0.5408457525990586 0.08858339847566937 0.13679588975986606
3 0.44667172424525364 0.5059091537849708 0.07051431683784626 0.1691479060760106
3 0.3758913837812352 0.48178925035360676 0.06421401068678295 0.08218083713133212
2 0.4054200062863429 0.5182958772067683 0.019890381895332376 0.026520509193776576
2 0.33242721593587926 0.4781876997223532 0.024924367436743644 0.0297946461312798
