0 0.5181840003268574 0.637898740577312 0.03817593103307393 0.060232426303854836
0 0.5486992094134951 0.6302380186308758 0.049922371350942685 0.0673185941043084
0 0.6788676431533576 0.6219069835141264 0.05592327020898458 0.04088910338910334
0 0.6343716165144737 0.7020572868787155 0.06805274662417515 0.04280428387571256
3 0.6340524197667055 0.7202036219893363 0.07022328450899884 0.08522553165410307
3 0.6899118506261364 0.6310519703376847 0.07801168515454227 0.05975363118220267
3 0.5370804477947335 0.6272694888766317 0.07903311474740049 0.10140880676594966
2 0.5119915834201548 0.5749850615922044 0.03549467835182124 0.017332383403811935
4 0.573379069141781 0.5403803470540759 0.1158341553821779 0.16688525692762984
5 0.5642924052457126 0.4523153295040455 0.038473019990529767 0.011773516150948071
