0 0.5557237019101426 0.6536164077212807 0.05997219980270829 0.035415825934893674
0 0.6291476100798135 0.5921378968253969 0.006165366334857869 0.023435398170567723
0 0.6581528562460768 0.5776352737422652 0.039514393327952924 0.014187348668280864
0 0.5172361565491337 0.5331394644371743 0.0411466537420736 0.0425981461286804
3 0.5000606958676579 0.5386496634518787 0.0773349072399705 0.054940225035161716
3 0.5535881722590583 0.6642665636929876 0.0642539012792177 0.06145456600361665
3 0.6562342251388188 0.5952380952380952 0.06052872660646513 0.049778450838521504
2 0.6586296670218932 0.6030378877110325 0.03937872754127181 0.03014751247966807
5 0.5435316058107578 0.608734365359807 0.04007983248265934 0.022785910595097936
4 0.5965359546179663 0.5274039502535065 0.13183272962219472 0.16125862032982569
