3 0.41183316004333126 0.4056361647961796 0.22576138750431057 0.1299879110630427
2 0.5229304150435103 0.34759236768165336 0.04434911428959032 0.03698876466733608
0 0.38144421763598746 0.3911833387387744 0.11287382820215314 0.05723552332097087
0 0.4164002726351395 0.4301223514676905 0.08623073090385436 0.046484514175192115
3 0.46126968190221196 0.5464566599732261 0.1416379804934022 0.10652729967489
2 0.519099628076257 0.5897297540357029 0.0404238833771412 0.030857952246054254
0 0.4508741389637616 0.5392590408805032 0.09561869821303787 0.0707781147050015
3 0.599927974410376 0.4538301690586517 0.11960903524050515 0.07056825490720792
0 0.574612720231277 0.46400701603665523 0.062387497954508264 0.04921964490263453
0 0.5790897206266856 0.425342397010685 0.016598727688221793 0.0031846396146007483
