3 0.4036854103343466 0.4531126871552404 0.06367499718563546 0.09662651506623143
3 0.5221525667004391 0.4916929340688206 0.05118625464370141 0.08654170888213442
3 0.5857396149949341 0.4255553679312545 0.057694472588089574 0.09404668092611357
2 0.3956820612405719 0.4297769147059928 0.04590932117527857 0.061212428233704874
2 0.523295902285264 0.4701161394423806 0.03201339637509859 0.04338811962925443
2 0.5918960373747608 0.3936592367443431 0.03201339637509848 0.044326241134751865
0 0.5835408927164247 0.43610923486810016 0.05224164133738596 0.05933618522271006
0 0.5218887200270179 0.51080715974333 0.04854778790948999 0.033772374197906185
0 0.3953302656760104 0.4283697324477467 0.029726725205448556 0.039166572854516135
0 0.4050046437014522 0.46132125032834254 0.05575959698300126 0.05394198656610005
