2 0.3699083800186741 0.5642117958294429 0.043621615312791795 0.059329287270463826
4 0.45743077932927556 0.5213927676333692 0.071234634204559 0.09647133707284078
5 0.4155664458765962 0.5315869037673548 0.023309762501491804 0.03729562000238695
3 0.4145408163265306 0.45351473922902497 0.049603174603174593 0.12581055814138514
3 0.37883026017424515 0.5656502367028682 0.06545381310418902 0.07508851493813895
3 0.3039593030194534 0.4609738632295023 0.10666547320682657 0.25559931574969164
0 0.3066632354696265 0.5001342642320086 0.07589658670485738 0.12357282094124195
0 0.4140746210765007 0.45028245216215135 0.047924871703067196 0.10094681147312728
0 0.3696928332736603 0.5645313681027966 0.02965001790189764 0.03953335720253015
0 0.3916040100250626 0.5692554799697657 0.03319310180212437 0.06787802840434409
