5 0.6783539291928553 0.552376291679983 0.03839529846241241 0.031459731543624136
5 0.6339663009126097 0.5115119313944818 0.048604452966869105 0.04161340151273041
4 0.6004536415610242 0.5791753222541813 0.1449256063350023 0.08372616384361353
3 0.5190023436667732 0.6490858367955683 0.14581335890060726 0.1033676893576222
2 0.5810340541884166 0.6897005166719932 0.038617236603813776 0.03445589645254077
3 0.5660532296438336 0.5346489826355598 0.122287915912077 0.06724725684457222
3 0.4462066332871702 0.5097641685309471 0.21195092503817337 0.139654575476723
0 0.46096551969035193 0.4901226430169383 0.10653030787258971 0.07773383402578027
0 0.563944817300522 0.5352315702567381 0.10297929761017 0.06341882390540099
0 0.5373122403323746 0.6614034036433365 0.07235183409680057 0.058758122935975376
