5 0.4000704643228008 0.3726161631146055 0.04017702615833457 0.05727801677957434
4 0.40555617366365027 0.40460325701758726 0.0811266874350986 0.12578499728032444
2 0.501260996366418 0.4910515076177727 0.03705297379996181 0.0505992222859693
3 0.5000657391470644 0.5037013131892649 0.06065930388219548 0.08824982469560777
0 0.49513530311723086 0.5256143622107476 0.04990198890801306 0.043626888506406725
5 0.5609491537578887 0.4585803531586664 0.05214309619430102 0.06534072799133034
3 0.5282289873780837 0.3792949576082106 0.08650674125071717 0.14661821890737547
0 0.528004876649455 0.3773028622426212 0.08097867661120667 0.12510358895901064
5 0.6437207161981258 0.6134657678332376 0.0389952667814113 0.03446324982469562
4 0.626535336356765 0.4746157722348199 0.09046674225245643 0.26329050138573945
