5 0.4606949712038207 0.3943379219927892 0.03797057170950979 0.054139158121458975
4 0.4657979526618906 0.4316500444819029 0.07714830032307901 0.12466638572833261
2 0.5357581823289788 0.48417966006461577 0.03599522404832134 0.04857892026033617
3 0.535483828487147 0.5020309500397996 0.05761430678466084 0.09071967036568812
0 0.5347156377300182 0.5268325373413868 0.05234671302149185 0.033215105117760046
5 0.5724667263660626 0.6020420705155218 0.02930099030762745 0.04872524230931308
4 0.6555959404410732 0.5081033150723415 0.17383059418457647 0.2190441073184436
5 0.5746231006647673 0.34870607787274455 0.04864926739926745 0.0733448650115317
3 0.5713374202957537 0.3830467372134039 0.05352479310812641 0.08210667932890159
0 0.5622753018586353 0.3899713969158414 0.03434065934065933 0.06797472075249861
