0 0.4878107357157636 0.564062915669061 0.03602465194643972 0.027157045313469963
0 0.5182931335165972 0.6370821140374212 0.06262747184534889 0.044338033164848745
0 0.5597676687062162 0.5148754101268068 0.05763944311430347 0.036578877361000295
0 0.5773181401673022 0.4989414294581892 0.05468357423664694 0.03214507404451544
3 0.577410511069729 0.5134898465904052 0.10474860335195524 0.06761550057639443
3 0.5008396515030593 0.5592134432916556 0.08221010315982386 0.056253879577901955
3 0.5124737666637108 0.644148488073069 0.07500517277053592 0.06068768289438686
2 0.4887566137566138 0.5636780753968254 0.05522486772486779 0.04154265873015872
5 0.5860615079365079 0.5528273809523809 0.05109126984126988 0.016121031746031744
4 0.5812474562474563 0.6336063627730295 0.08111744222855333 0.15008140008140014
