3 0.5388181501085522 0.6570538764382379 0.09910793796781187 0.08285607141292983
0 0.5372682105875384 0.6278958529424947 0.06691114884392191 0.022415472508755974
0 0.5832016606767896 0.6554807138005627 0.009702237468029229 0.015032562227815682
3 0.4276257822043853 0.5817783720760941 0.07651690269538558 0.04844933487516756
2 0.40673636251121625 0.5861731875986262 0.0374199387357283 0.02726724217952292
0 0.440019197643215 0.5801446922855164 0.043108641305984796 0.04275903909951073
3 0.4693268759921311 0.49385795835935103 0.06500085991777249 0.039630496983797836
0 0.47938091512035175 0.5115472930173635 0.02134721911717219 0.00401715850659512
0 0.48439643347050754 0.4894376732174351 0.033418717281151145 0.028672734525909127
2 0.4562409896855122 0.493138808074728 0.03708812644908149 0.02707622726056713
