3 0.5186596664551717 0.48565885633942085 0.24397262002340048 0.09622887117208978
0 0.49914523572098957 0.4855539169811047 0.13960429999316487 0.08557001131258551
2 0.646138744474321 0.45378062578376366 0.03890974785083967 0.035203379847410676
3 0.6276743956052802 0.5701961824781592 0.07970719500821644 0.050083825519872005
5 0.5956430772305361 0.5605239598531184 0.02614335920131794 0.0311251675294274
0 0.6144580089643783 0.5654998862602365 0.052762612475988235 0.0409937063997573
3 0.4931284867680733 0.3783769673398997 0.13676548033207842 0.05145108385456054
0 0.5019734963764814 0.3824255017736141 0.08986660106063099 0.04212601611635841
0 0.506146167368899 0.35982211347682874 0.08192911916198986 0.013972985717863429
2 0.42123802282057204 0.36770460709845054 0.020480580788536318 0.027004594864138143
