0 0.5431014251578767 0.4820308499743983 0.10534007509813964 0.05000320020481308
0 0.5126994794333504 0.5537354390681004 0.046669653524492316 0.04620295698924737
0 0.5595024748250554 0.6464413722478239 0.053870114353985366 0.03400217613927292
0 0.5596358166922684 0.6217397913466463 0.052536695681856926 0.006200396825396859
4 0.6195063150708311 0.5655361943164363 0.0880056323604711 0.06780433947772668
3 0.5252336149513569 0.6415410586277521 0.16454386414063832 0.04500288018433174
3 0.4973651647038744 0.5575356822836661 0.0778716504522956 0.05340341781874036
3 0.5788370455709165 0.4827308947772657 0.2594832735961769 0.08020513312852023
2 0.6881773766854412 0.46602982590885816 0.011467400580303933 0.03160202252944189
2 0.4813641406383342 0.5625360023041475 0.04373613244580993 0.03260208653353813
