2 0.37045102593883084 0.5099851593754033 0.026374370886565968 0.031133049425732418
2 0.44552119628339143 0.5542650664601885 0.02141405342624858 0.02806813782423534
0 0.40922619047619047 0.583623693379791 0.065935927216415 0.09001161440185834
0 0.4886517615176152 0.5645083236546651 0.06654084397986837 0.09339914827719709
0 0.4090447154471545 0.5122435152922958 0.04790940766550522 0.06565363272680352
3 0.48896705146705144 0.5445326278659611 0.07605820105820099 0.17877184543851204
3 0.4151635401635402 0.5138688472021805 0.06703944203944207 0.08818342151675479
3 0.40794853294853295 0.5785032868366201 0.09078884078884081 0.14490139490139486
5 0.2940867003367003 0.5997474747474747 0.027206589706589734 0.03667628667628664
4 0.37747886770126027 0.6886981362952732 0.17715590760069283 0.198544260405201
