5 0.5469672373081464 0.6015922209104028 0.030130853994490336 0.049329878875333466
4 0.6332603633739997 0.5019076041803314 0.17955529319165675 0.22847522847522844
5 0.4943407287157287 0.4217636319909047 0.029208480913026302 0.05889522934977476
2 0.5067415223665224 0.47888243910971184 0.03761232454414282 0.051516244698062874
3 0.5068440082644629 0.4991746469019196 0.06056916568280207 0.09674668765577854
0 0.5065365505706415 0.5239079102715467 0.055854814377541695 0.04017447199265378
5 0.42716122261576805 0.38630351130351126 0.04017447199265384 0.057118807118807124
4 0.4329516758494031 0.4238816738816739 0.08127131706677165 0.13063535790808523
3 0.5626475796930342 0.4207387730115003 0.1078151646333465 0.06695745332108971
0 0.5655171848353666 0.44629192356465086 0.08465335169880617 0.01585115221478861
0 0.5647485406008133 0.40112980453889546 0.08537075298438934 0.027192924920197703
