0 0.4550841589432193 0.47838766379034836 0.04727282411846173 0.040614679876424864
0 0.5463007350591242 0.47505859166932995 0.07656865878342389 0.04793863854266539
0 0.47749991122474345 0.6282791360392032 0.09743084407513941 0.04677346330030896
3 0.4941452718298356 0.6284455896452541 0.14936436916302692 0.04777218493661439
3 0.43055999431838354 0.489706509001811 0.10253542132736765 0.06491690635985936
3 0.5579524874826888 0.45808032385213593 0.10697418415539217 0.12017950356876533
4 0.5375341784737758 0.5606157451795035 0.27342779020631364 0.07423830829871103
5 0.3982679947445048 0.5455516938318952 0.021084123433116664 0.028463566634707504
2 0.5238849827776002 0.5157564983487802 0.049492205532473965 0.021139607968466922
2 0.39715830403749874 0.4902058698199638 0.04682894783565922 0.03195909236177685
