5 0.4989495798319328 0.42107989028944903 0.04376750700280119 0.03246090102707749
4 0.5682481325863679 0.47569809173669464 0.15367258014316826 0.11908409197012143
3 0.464057150638033 0.493205094537815 0.14467592592592587 0.11689571661998127
0 0.46186877528789294 0.49028726073762835 0.0984768907563025 0.07458712651727362
2 0.5256903108465608 0.5459449404761905 0.0390625 0.027281746031746046
5 0.4009589947089947 0.5393570188492063 0.04629629629629628 0.02526661706349198
4 0.4671999007936508 0.628875248015873 0.16637731481481488 0.18198164682539675
5 0.515666335978836 0.6091114831349207 0.04712301587301593 0.043867807539682446
3 0.5958581349206349 0.6177145337301587 0.13144841269841268 0.05642361111111116
0 0.5985449735449735 0.6177920386904763 0.10788690476190477 0.05502852182539686
