5 0.45569459196317935 0.395841938592868 0.03955346078952027 0.056057119254145304
4 0.45947475954446215 0.43284455459176646 0.07827712869534431 0.12760370567062018
3 0.5277021744261521 0.5253510945890127 0.12824910013571722 0.14960858362345342
2 0.5866174691685844 0.4630858952420291 0.029595946185165478 0.04327216223127006
0 0.5238759072402195 0.5276253417517358 0.0805821089278339 0.10547589543872071
5 0.562922272378592 0.6043965500285203 0.029780344603764664 0.049787573021773834
4 0.6504654216085444 0.5082635077988238 0.17978845813418298 0.22213862827245734
5 0.5741188396756082 0.34996592038076757 0.050902821099327644 0.0752350916106374
3 0.5697866846884314 0.38491197061066057 0.05631801483329868 0.08505464291490494
0 0.5701657482498095 0.38967734109655505 0.05512667221182499 0.07350222961576675
