0 0.488215752850436 0.40311312318354575 0.07187220545495199 0.08360347268797969
2 0.5844965627095909 0.4027055853640361 0.017815224681421826 0.04948673522617186
3 0.49908827967806846 0.4026473656755347 0.1563198636262016 0.08383635144198526
0 0.6061448173646968 0.5688428316440364 0.09113836297571243 0.17112099190412428
3 0.6084937542368546 0.4992999863567954 0.0963294849903431 0.3368352668312378
5 0.41764591753060387 0.4741892657021808 0.04694913020558772 0.06491731583982502
4 0.49122701048439055 0.5452078330307113 0.14743674222456504 0.1666861906714306
2 0.3598781762362009 0.6218428157728568 0.04531648050166576 0.02082108563590046
0 0.32869757985498727 0.42594769961025103 0.07297586387092564 0.15459315870838503
3 0.3345683511499838 0.46732394865320875 0.123501781665047 0.36853210485317656
