3 0.4897097727980081 0.6571508811858077 0.169234360410831 0.07385766806722693
3 0.4804699657640834 0.6077300711951447 0.17458372237783998 0.07130456349206349
3 0.559859360410831 0.5116239204014938 0.2667386399004046 0.0683867296918767
5 0.6189454948646125 0.5914084383753501 0.0600587457205104 0.04522642390289455
4 0.6191886476812947 0.5829284838935573 0.08340141612200425 0.06948091736694684
0 0.500165343915344 0.6087330765639589 0.09093915343915338 0.06528653127917838
0 0.530073140367258 0.6451148167600373 0.05300731403672587 0.01768936741363214
0 0.5207117569249922 0.6686398517740428 0.06249027388733269 0.04394987161531294
0 0.5218059446000621 0.5108032796451913 0.10552832244008709 0.04303804855275434
2 0.6736472800925926 0.5064949156746031 0.008008845899470929 0.03293960813492064
