2 0.433909109895952 0.5711880711880712 0.031921660211133907 0.04303688514214821
3 0.49021701982228294 0.49769309637730696 0.12602529049897465 0.16566036302878406
0 0.4937177223361434 0.4927881572618415 0.08294884939621783 0.10901622743728001
3 0.5526363256626414 0.3829016986911724 0.08995025442393867 0.14999620262778157
5 0.5872873471557682 0.46256740335687707 0.05387521834890252 0.06344776081618192
0 0.5526363256626414 0.3805283410546569 0.08425419609630136 0.12784486468696998
5 0.42299166476798056 0.3774429761271867 0.041415090757196016 0.059017493228019635
4 0.4266110351636667 0.4101161995898839 0.0806941596415281 0.1291106554264449
5 0.5271227310700995 0.6152534113060429 0.030853649274702022 0.050789853421432385
4 0.6162423103212578 0.5147812713602188 0.1846472241209084 0.23053213842687525
