0 0.35465714995916336 0.5069344572280814 0.10253542132736759 0.07640220517737295
0 0.5815888995419196 0.5432213433471822 0.10009410177195421 0.023469958453180007
0 0.5802572706935123 0.5717681367849152 0.09965022548915159 0.02463513369553627
0 0.4568579568579568 0.404965404965405 0.135666802333469 0.07122507122507121
0 0.4705942205942206 0.36928927553927554 0.13295346628679972 0.035994098494098514
3 0.37461862279380526 0.48860937318966513 0.16317151353647708 0.13034410844629818
3 0.5636309158408606 0.5578986889415066 0.17429623783214943 0.053850960273612136
3 0.5221758693980917 0.40360873694207033 0.2880093157870936 0.1059896893230226
5 0.6193693693693694 0.490535178035178 0.032890032890032894 0.03566066066066065
4 0.5213268972597331 0.4947361407249467 0.16855208086551376 0.07625562662876095
