2 0.46737680477087257 0.48063584543987087 0.04357793023047263 0.007461494484799602
0 0.5297310779302304 0.48221221751412435 0.06067280961348753 0.04508424132364813
0 0.5517302259887007 0.5018117769706754 0.05198524795982429 0.032368173258003785
0 0.4501995730065906 0.5940777870602432 0.0959188093691018 0.09978650329527528
0 0.5932075559268541 0.6174289891395155 0.10268727373990538 0.0771604938271605
3 0.5780268572666234 0.6101770630279402 0.16592406943284133 0.10761858349577647
3 0.45029626535474493 0.5669555834029518 0.09997988799158397 0.20218369999071745
3 0.5663270831399486 0.4740584099136731 0.16031591323988986 0.10370254339552587
4 0.6257928772548655 0.5628219855193539 0.08547603576843343 0.06918337510442785
5 0.6254061078622482 0.5692036804975402 0.06110956403354073 0.046557365636312964
