3 0.4463485663082437 0.513952892985151 0.05296338965693809 0.07765830346475505
3 0.5454749103942653 0.5365676736644478 0.0518433179723502 0.07509813961426864
3 0.5057123655913979 0.43789469192694996 0.05488351254480289 0.08555214200375494
2 0.44218830005120324 0.5021121351766513 0.03216205837173586 0.04501621437105313
2 0.5491551459293396 0.5262203447687318 0.03168202764976946 0.04288274449564766
2 0.5062724014336917 0.41197303294077486 0.043522785458269264 0.05931046253626904
0 0.5061123911930363 0.4102662570404505 0.027841781874039906 0.036695681856972195
0 0.5056323604710701 0.4487753882915173 0.05312339989759346 0.04032258064516131
0 0.4508444638017809 0.5269228287520971 0.043674990321331764 0.045651051748612725
0 0.5407350948509485 0.5500709769002452 0.039561556329849035 0.044199251516324645
