3 0.6399109223792876 0.5837710837995835 0.09126825794917448 0.14085371444012573
0 0.6049266297428062 0.5674088378336744 0.01908528562940326 0.06565263591407378
2 0.6607589334540247 0.6221932276054365 0.04665760841028299 0.06287396417457258
3 0.4665116331208172 0.5435960917747149 0.07211393075602768 0.16998206091295043
0 0.4657494942421413 0.527547488529462 0.0633332036518312 0.09143173398391619
2 0.4873168256258681 0.6230816551451003 0.038483278263907295 0.02867917479963422
3 0.5256127852281698 0.5735797081950929 0.042725523494754225 0.14115341038417972
2 0.5238221081244336 0.6485816078839334 0.025588106983455816 0.018037518037518074
0 0.5151554873727946 0.567579356437697 0.02163927689978451 0.08986254562800722
0 0.5400730470598356 0.5673013961180176 0.013879479072568479 0.088404477519202
