4 0.45467626909254266 0.45742550164719975 0.13371799191374656 0.3149333632824199
5 0.5089589884696016 0.6150481681142058 0.03614948337825691 0.03338075272037533
2 0.5434121368673255 0.662077593091744 0.0343946540880502 0.038216282320055917
3 0.5813749438454627 0.5730882499750425 0.09815345163222511 0.18250224618149147
0 0.5821353698712188 0.5634951831885794 0.07651055705300991 0.10372990915443747
5 0.6347217542677448 0.6372760057901568 0.03731936957172821 0.04351976639712485
4 0.6898818882899072 0.5074966307277629 0.13102725366876322 0.27094564240790653
5 0.5742468076616121 0.35932281044012887 0.052512858029617804 0.07611362359965712
3 0.5683889855495586 0.3936331210618684 0.058532427071450455 0.08709480172883266
0 0.566443032015066 0.40404167787642364 0.05380683346785031 0.06319500493229308
