3 0.526163919021062 0.46218093093093093 0.16010908868051726 0.07670297848869273
0 0.5350375886090172 0.4617978948336091 0.0877152662866949 0.0642543053257339
2 0.4468116075258932 0.43426717533860393 0.02949377949377957 0.029302261445118605
3 0.49743621172192604 0.5430494269779984 0.0669036383322098 0.12008181651038785
0 0.49730853302281874 0.5352929460072318 0.06562685134113705 0.054965679965679914
2 0.49896835611121326 0.6081176840105411 0.03804825233396664 0.014651130722559302
3 0.5561684133112705 0.564738845988846 0.05336969622683907 0.034569007783293526
0 0.548380012665727 0.552481690874548 0.028344671201814053 0.009097107311393127
0 0.5426983105554535 0.5743626279340566 0.02004555575984146 0.009767420481706202
2 0.5704045882617312 0.5683776889134033 0.03460092745807042 0.024801587301587324
