2 0.4401859950329338 0.5936563613540654 0.022608249649065937 0.026952745383867827
2 0.5819093510420041 0.5222885285066408 0.015522081848612479 0.025434280855199276
0 0.4999122664938992 0.5105836977648202 0.08334683079581034 0.01518464528668606
0 0.5014307310225677 0.535195477000324 0.08368426735773671 0.01784195821185608
0 0.5257261634812656 0.6099165856818918 0.07659809955728325 0.05593011013929383
0 0.4972971331389699 0.680778263686427 0.08655247813411082 0.0622570456754129
3 0.5180494816974409 0.67881691367023 0.16922443580606844 0.0732659135082604
3 0.5175433268545513 0.6106758179462262 0.1506654249001188 0.06099165856818922
3 0.5096135676492819 0.5239968011013929 0.13109410430838997 0.04099854227405242
4 0.6417720115324905 0.5742235766562115 0.11880999904952005 0.20271956087824355
5 0.6822664195418686 0.6762516633399868 0.039009283021259056 0.018564062351487554
