0 0.39284653255241486 0.5403297682709447 0.032891944656650574 0.05817983759160228
0 0.4368129827688651 0.5725143592790651 0.07838362617774386 0.09779164190928902
0 0.5044536754095578 0.606202076790312 0.05981559290382821 0.03395297512944562
0 0.5129419191919191 0.6358225108225108 0.06909960954078598 0.06702175819822875
3 0.5059789067142009 0.6283952975129445 0.10291995586113234 0.08576662988427697
3 0.38144045496986667 0.5361740655858303 0.056765130294542054 0.06967433438021675
3 0.4443728248875307 0.566148176442294 0.10278732705203292 0.11865857454092754
4 0.3794642857142857 0.6753498890595664 0.15953020993343575 0.16961085509472607
5 0.45922939068100355 0.7340203106332139 0.01920122887864828 0.04288274449564777
2 0.4536290322580645 0.6567887011435398 0.018881208397337423 0.03733572281959385
2 0.37194380440348185 0.5292072025942993 0.030561955965181797 0.039469192694999156
