0 0.4764689966895849 0.47551849022437254 0.06697754859519567 0.08700449876920469
0 0.5539242212036329 0.533079393373511 0.04628745437568971 0.04332541097246978
0 0.5166555258467023 0.4302478567184449 0.053184152448858324 0.04102651161474685
0 0.5170534122740005 0.3890445066915655 0.028515193956370366 0.03678238972356618
2 0.4175818054494525 0.43272359448830033 0.02798467871997279 0.04031915796621682
2 0.5163239538239538 0.3904592139886257 0.0432369917664035 0.05977138330079507
2 0.5599588320176555 0.5056694394929688 0.031035141329258886 0.04261805732393975
3 0.5566431117901706 0.5179597091361796 0.051459977930566225 0.07745522451404802
3 0.4710312155165096 0.47463429816370994 0.11658072319837026 0.11176187646775887
3 0.5165892114421526 0.418930198341963 0.05517358458534927 0.08948023653906007
