3 0.5595024748250554 0.3726238479262673 0.30081925243215574 0.07280465949820791
3 0.5541688001365421 0.4381280401945724 0.20908004778972528 0.059403801843318005
3 0.6007051117938216 0.5392345110087047 0.18267835808158395 0.07400473630312343
4 0.35998104403616216 0.46839848143982 0.15909469649627128 0.11697756530433695
5 0.43627359080114986 0.4132295963004624 0.051816439611715226 0.03866704161979756
0 0.6165895929675458 0.5389951256092989 0.11561054868141485 0.0687414073240844
0 0.5121755613881598 0.41615891763529556 0.08853060034162391 0.012107861517310359
0 0.5167322834645669 0.44838145231846016 0.09556097154522347 0.03437070366204226
0 0.6247916927050785 0.358548931383577 0.14190934466525018 0.044916260467441516
0 0.6214066991626046 0.39838770153730785 0.13982627171603534 0.022262842144731898
