3 0.48056722689075626 0.44603952692187987 0.1137955182072829 0.11165577342047928
3 0.5848068394024277 0.48543028322440085 0.10985644257703087 0.1250778089013383
3 0.5251371381886087 0.39225412387177094 0.05470938375350132 0.08850762527233114
0 0.589110644257703 0.48231792717086835 0.06827731092436984 0.08889666977902266
0 0.5252100840336135 0.40314737005913476 0.05310457516339867 0.039488017429193834
0 0.5260854341736695 0.3630757858699035 0.028011204481792618 0.036375661375661394
0 0.4852357609710551 0.4466230936819172 0.06652661064425758 0.08636788048552757
2 0.533234126984127 0.5377567693744165 0.02421802054155009 0.03598661686896987
2 0.5255748132586369 0.36385387488328663 0.043038048552754504 0.05855119825708055
2 0.427170868347339 0.40353641456582634 0.02859477124183002 0.040266106442577054
