3 0.3463468720821662 0.6198451602863367 0.11525443510737626 0.0655539993775287
3 0.30870681605975725 0.5036181139122315 0.07528011204481788 0.1672891378773732
3 0.45036764705882354 0.4979769685652039 0.07411297852474319 0.12994086523498294
0 0.46109068627450983 0.48241518829754126 0.041287348272642355 0.07586367880485523
0 0.440374066293184 0.49846327419856834 0.04566409897292251 0.08345004668534084
0 0.3065184407096172 0.48426314970432616 0.06360877684407096 0.08734049175225639
0 0.3397088001867413 0.6195533769063182 0.05646008403361341 0.06458138811079983
2 0.40769432773109243 0.6251945222533457 0.01561041083099901 0.03501400560224088
2 0.47961893090569563 0.5602240896358543 0.02582282913165268 0.028789293495175783
5 0.44548027544351076 0.6332671957671958 0.027573529411764663 0.030539993775287932
4 0.3898955415499533 0.5170401493930905 0.12707166199813258 0.23731714908185497
