5 0.6111340932769505 0.5971532757247043 0.0220884149455578 0.029876815591101336
4 0.5030912925649768 0.6308133481535737 0.20931863037126192 0.11079474190376426
0 0.5955461894902888 0.662633712905452 0.09427684117125112 0.07348047914818101
0 0.6659970751585658 0.5487928867199053 0.07825594005718228 0.06177289756482307
0 0.5439303441880762 0.5276090247095402 0.08591065292096212 0.04858042873506796
0 0.529441444389898 0.548255706921944 0.07670594010800191 0.03515688921616755
2 0.6093008509245623 0.5622545409916544 0.028125511372934064 0.02659139257077403
2 0.696916080292369 0.6121134020618557 0.03698930889652541 0.01968785796105388
3 0.6648700430916925 0.555031398298151 0.09289941635302446 0.1144196939944363
3 0.5867589200922534 0.6743329008954009 0.13524284357617689 0.12035129222629215
3 0.5455546565983459 0.5353850488104128 0.1321146042019828 0.07202925512998337
