4 0.4833682237019102 0.43556911936149223 0.11696680790960456 0.19855282037485428
5 0.4426452784503632 0.5370174199623352 0.04729116222760288 0.05730988252174696
3 0.38799771320957765 0.42688155770782893 0.09079903147699758 0.20752062595282939
0 0.38678916128598334 0.43914222939646674 0.07934406107075598 0.10985561833019458
2 0.3583093724778047 0.32164996412877767 0.03751765536723162 0.03376939287956243
0 0.33003976661285983 0.5635004708097928 0.11885845439870862 0.13045354676710613
3 0.35825682674199627 0.5682646175230921 0.25810465429109497 0.23722648192987172
2 0.46366357277374226 0.654789929154336 0.025432136131288696 0.05240561384629183
3 0.5849895054440509 0.5181686999868818 0.17463597009051557 0.3080042852770125
0 0.5610078053259872 0.5758340985613712 0.11990850059031888 0.1727228999956273
