4 0.6073957360722066 0.5572150735294118 0.1322751322751322 0.16139268207282914
3 0.5982373569582873 0.6834279254337394 0.1496554694229114 0.04694998154300478
3 0.6664513350559863 0.625 0.060600467577211825 0.05237172388335187
3 0.504645010458964 0.6220007382798081 0.07321274763135227 0.05998523440383907
2 0.5177956195398056 0.6823320413436693 0.01768795373446541 0.026531930601698117
2 0.668912267749477 0.6353243816906609 0.03906730650916701 0.030569398301956485
0 0.5123354251261228 0.6121954595791805 0.0578319182970346 0.036683277962347716
0 0.6078503752922357 0.6834856035437431 0.06736803248431145 0.04706533776301225
0 0.6704503506829089 0.6096576227390181 0.04337393872277595 0.019379844961240345
0 0.6394579795742588 0.623327334809893 0.006306140027070195 0.027570136581764437
5 0.5547865140888397 0.6386120339608712 0.039990156269225974 0.02284053156146182
