3 0.4143504208659598 0.5296755252498762 0.05617139984763908 0.13923232550297854
0 0.42610336817653893 0.5238579171506001 0.02951993805652342 0.08855981416957026
0 0.40184571615091513 0.5176503772460127 0.03012387519768772 0.08581164710818118
2 0.4001128555449025 0.6021736621568836 0.02804743261958037 0.021860906928021118
3 0.47082792456757255 0.5070261464757669 0.07556867352415997 0.1700794381091138
0 0.4535147392290249 0.4835855282283854 0.032977934763649075 0.07831123902552478
0 0.4798109876234876 0.4697716304859162 0.028157606282606273 0.07145962503105358
3 0.5558068016053035 0.4840250460403017 0.07026088068699832 0.10176266509953485
0 0.5573653093475499 0.5216391774233271 0.044678320319102016 0.023715558968068873
2 0.5652715895285222 0.45708843081234696 0.033739915919119845 0.04653057318632642
