2 0.4592511607817731 0.6135862082928409 0.03306878306878308 0.03062236799481699
3 0.5378738797106144 0.5775038659286109 0.16196954972465177 0.09342318812982076
0 0.5451242058384915 0.5759426518355091 0.09614206042777468 0.07019136483422195
0 0.4481522338665196 0.5436239811239811 0.015576801291086961 0.012831709260280766
0 0.4611116218259076 0.522030321137464 0.020300913158056044 0.0039261199975485495
3 0.46538885824600107 0.5368729699086843 0.052603624032195484 0.034569007783293415
2 0.47375181303752734 0.5391233069804499 0.03536699965271395 0.02604645461788313
0 0.5044585401728259 0.48717403628117917 0.033451819166104846 0.04893286143286146
3 0.5282067782067782 0.48693463872035303 0.08809830238401667 0.05381657167371451
2 0.5472309043737615 0.48655160262303127 0.045964331678617354 0.03332414046699761
