5 0.4572004472693032 0.5696658371446508 0.034364911218724814 0.028444758317639818
4 0.45378497444175414 0.4682875975248857 0.0729334813021254 0.17935611155950143
2 0.5148431194511703 0.5082223567393058 0.03615146623621196 0.04932293067886284
3 0.5137922047350014 0.527208882611425 0.05843085821899374 0.09206012913640038
0 0.5121632869249395 0.5494882745942069 0.05454247376916871 0.043017442381849125
5 0.5948177293516277 0.5901937046004844 0.034680185633575444 0.049042686754551146
4 0.673373604385257 0.5049294906286432 0.16593943368307773 0.19771208860191908
5 0.5714980544747081 0.3936729252877113 0.050954233833611196 0.0734718876742223
3 0.565997313322216 0.42629135527968215 0.05713050460132185 0.08312231074876986
0 0.5638742202458157 0.4358131060465691 0.05172626767957511 0.06253474152306843
