5 0.6409616919393455 0.47171510596789923 0.03491620111731841 0.03062095415447369
5 0.6747694422275428 0.6383983993970027 0.02161479116786369 0.03976567349472382
4 0.5689123880464663 0.6334796488427773 0.19453312051077415 0.06345880996719
4 0.5593058141940823 0.4535642236410393 0.14871715290709708 0.07495898731932255
2 0.4664730572551802 0.5761865966125742 0.050988738139576106 0.014548417132216107
2 0.6484437350359138 0.5145982974195265 0.029558688776565756 0.012747184534893985
0 0.6437328190121486 0.5594905559989358 0.040827938872631586 0.050711625432295904
0 0.45760545062221036 0.5337883523986875 0.06983240223463688 0.03893433537288293
3 0.4524326800863113 0.5161916954863882 0.0801779433064349 0.1184656823623304
3 0.6421625136708935 0.555056752682451 0.04544648399397 0.0737119801365611
