3 0.45891372421984666 0.5925807823129252 0.10021865889212833 0.127804097829608
3 0.5410795270489148 0.6893196266601879 0.15015927005722923 0.054538184321347494
3 0.5993716931216931 0.5975157920310982 0.07946631033365725 0.10274943310657592
0 0.606373501781665 0.594478862973761 0.060401144584818045 0.06630628441852926
0 0.5757511337868482 0.5873926951733075 0.03087544541626175 0.060738581146744464
0 0.4621193715581471 0.607006195335277 0.08267195767195767 0.06731859410430852
0 0.5509495464852608 0.6885603943958536 0.07103039628549834 0.052766642371234074
2 0.4614279398762157 0.6802016230895541 0.01938514869549346 0.027169908635425788
2 0.5745101986044014 0.649244450195537 0.03594432942259029 0.01869105129974702
5 0.5247273023541139 0.6133899815965034 0.03893969020780608 0.01186162870945473
4 0.508133003604018 0.5257307482171613 0.12292960662525876 0.16669182769726248
