2 0.5816812953995159 0.5847990090574837 0.024801587301587324 0.04469890592771952
0 0.6577149751143395 0.5506092502914537 0.07577095103578158 0.09346134875795897
3 0.650726392251816 0.5485774818401937 0.13661891310196395 0.10621244731414231
0 0.6527756759483454 0.435849363285804 0.10183363599677164 0.11644135055152005
3 0.6277639057035245 0.45462570621468923 0.2182749865482917 0.22405501748722084
2 0.5409583501479689 0.5368072370191015 0.023435398170567723 0.04567975966281057
4 0.4634533898305085 0.5771623621199893 0.15889830508474578 0.20177562550443912
5 0.3942506557707829 0.49294906286431717 0.04697588781275214 0.06277463904582553
3 0.48612270063788754 0.4766386045591653 0.08193795430944961 0.12995722691984368
0 0.48618064827176977 0.49827238787519157 0.0808948968995698 0.08143574148247046
