0 0.6089762293806411 0.4439666491596638 0.10431255835667597 0.08735264939309056
0 0.516213429816371 0.5648743872549019 0.05495253657018362 0.0410320378151261
0 0.5389482181761593 0.6153893849206349 0.06249027388733275 0.03884366246498594
3 0.5073383520074696 0.5711659663865545 0.0795109710550887 0.05945086367880481
3 0.5344498910675382 0.6255106209150326 0.07148692810457519 0.06018032212885149
3 0.6214985994397759 0.46265902194211017 0.201330532212885 0.18783555088702147
2 0.6965112433862433 0.5374285130718954 0.04012021475256755 0.02115429505135391
2 0.49870642701525053 0.5779134570494864 0.05495253657018362 0.041943860877684425
0 0.49797696856520385 0.5779134570494864 0.03598661686896987 0.027354691876750548
5 0.6058152427637722 0.5357872315592904 0.051305244319950316 0.020424836601307228
4 0.5985206582633052 0.6167571195144724 0.08437402738873323 0.14698587768440707
