4 0.5810340541884167 0.5309037764994141 0.15580057526366253 0.10370059656972402
5 0.5022460139909803 0.4881251997443272 0.046163133411455504 0.0364533397251518
3 0.39656084656084656 0.5350198412698413 0.10952380952380952 0.14623015873015865
3 0.4625661375661375 0.5545634920634921 0.06216931216931215 0.12698412698412703
3 0.5013227513227514 0.40476190476190477 0.22116402116402123 0.08849206349206351
0 0.49444444444444446 0.38204365079365077 0.107936507936508 0.03750000000000003
0 0.47685185185185186 0.4351190476190476 0.10132275132275131 0.025396825396825362
0 0.3746031746031746 0.5561507936507937 0.055555555555555525 0.06825396825396823
0 0.41455026455026456 0.5660714285714286 0.03650793650793649 0.05992063492063493
0 0.4599206349206349 0.5686507936507936 0.05687830687830686 0.07420634920634928
