3 0.5662452319429063 0.6806016980435585 0.06444567491079123 0.06252307124400147
3 0.656761412575366 0.6113302879291251 0.060908084163898146 0.05064138058324097
3 0.5007228989787129 0.5554401993355482 0.07551987203149996 0.05537098560354381
5 0.544250645994832 0.6254037467700259 0.03983634797588287 0.02272517534145435
2 0.565399286329519 0.6970399593946106 0.03937492309585333 0.03172296050203016
2 0.6603759074689308 0.6201550387596899 0.03952873138919655 0.03068475452196373
0 0.657530454042082 0.5932193613879662 0.03845207333579426 0.012343115540789928
0 0.6298449612403101 0.6078696013289038 0.0070751814937861646 0.021802325581395388
0 0.5667066568229359 0.6662398486526394 0.061369509043927684 0.02710871170173501
0 0.518641565153193 0.5486918604651163 0.03968253968253965 0.04187430786267998
4 0.5963147532914975 0.5442506459948321 0.1319675156884459 0.1614987080103359
