3 0.36961254409171074 0.5315500685871055 0.05764072604350384 0.07226141485400739
3 0.43712797619047616 0.5191492749363119 0.05626286008230452 0.07746668626298264
3 0.5061360964138741 0.6076388888888888 0.08083480305702523 0.27036792083088373
2 0.5234742430922987 0.72047080148932 0.0332984273956497 0.012247697432882565
4 0.37914278365667253 0.5979938271604939 0.14559450323339213 0.08205957280031362
5 0.4577959656084656 0.6022805212620027 0.01630474720752495 0.050215559474818816
2 0.4298941798941799 0.5072077699392514 0.034446649029982346 0.045622672937487674
0 0.38132440476190477 0.5388986870468351 0.03421700470311578 0.0587889476778366
0 0.4436728395061728 0.5315500685871055 0.04363242210464435 0.05327748383303932
0 0.507284318048207 0.570895796590241 0.05052175191064079 0.11114785420340978
