4 0.5236661486661487 0.3561542624042624 0.24211899211899213 0.08550477300477305
6 0.5654068154068155 0.35242535242535244 0.15308765308765315 0.07735320235320231
5 0.39041558865347414 0.37196918047688976 0.044868657203459006 0.036164429060904835
4 0.5306694859614567 0.4278726393233692 0.2638261306144517 0.08345643610242148
5 0.38918135651804 0.43502482651352 0.03954959985110745 0.03452281247507383
6 0.5478950173194777 0.42776131716688126 0.21078375394922155 0.08296933881466251
4 0.5651619622207857 0.5041680133591899 0.1636979578156048 0.07530255692020404
6 0.5730602287488515 0.5039771647181827 0.13583943224661787 0.07529583689763325
5 0.47123842842606656 0.49663552999227156 0.03752749539266387 0.03446213066999587
4 0.5326881800938404 0.5866979260257562 0.2867001098133173 0.11628668763102734
6 0.49481598194833487 0.5812872023809523 0.09677482103952689 0.09720033846872078
5 0.38263710824649 0.5631606447249291 0.03233987700126345 0.035423007540340334
