5 0.5185233815748521 0.5161830357142857 0.05616830065359468 0.07859914799253032
0 0.6304403481822837 0.6410410266257041 0.18987881891107694 0.1596102150537635
5 0.4277607100187745 0.6214397721454173 0.21334698754053594 0.18041154633896572
5 0.4130931046253627 0.42262704813108043 0.15841013824884798 0.20601318484383002
4 0.6305935494765282 0.4510458882134414 0.19383935607339875 0.09208248902397836
5 0.5304378695922813 0.416156045751634 0.030880407718642977 0.027354691876750714
6 0.6161492374727668 0.4445137429971988 0.06127450980392157 0.05671539449112978
5 0.5101346093993152 0.5067912581699346 0.0729458450046685 0.09738270308123248
5 0.5126877139744787 0.4579175420168067 0.10431255835667602 0.03793183940242767
0 0.5185213209577617 0.5099563660209847 0.055908662900188255 0.04760643664245362
