4 0.6411421548262013 0.32421352074966536 0.24002001437605924 0.0956205775482884
5 0.76509139009139 0.34827910804473305 0.028559403559403562 0.03142473845598842
6 0.6715217652717652 0.3310870986652237 0.06613756613756605 0.0838462752525252
1 0.41790220361648933 0.3923284057212628 0.3234199662771091 0.13218428396999826
4 0.5740838001867413 0.48673115079365076 0.3885582010582011 0.14042075163398693
5 0.39158498857952406 0.4730597840228988 0.031081042010003723 0.03239114407147192
0 0.634153292993072 0.42936891607471717 0.12204390657429331 0.03521551346136986
5 0.41887125220458554 0.5440110071806501 0.3456475182665659 0.12489370748299328
5 0.44270833333333337 0.7019288950804907 0.3204916225749559 0.2545416807384894
0 0.4203001502384218 0.7086823927101704 0.1767750996146058 0.1742234959827551
