3 0.4713861435559549 0.3603249475890985 0.12790755715284013 0.08189203354297697
2 0.5369326093010304 0.336453111946533 0.05351921470342513 0.039486737677527195
0 0.43540564373897706 0.3477774816394219 0.0376753797151807 0.02973722656558475
0 0.45991931875016445 0.38763276869620145 0.07222485456316297 0.02480158730158727
5 0.6019012082444918 0.484186211798152 0.33315565031982936 0.19471096896470036
0 0.6472525352733687 0.4798848792989418 0.11022927689594353 0.10669849537037035
2 0.4558439888301 0.6519028328924161 0.15753600823045272 0.09472828483245144
4 0.3715162938463909 0.5310188395746648 0.27599962065981487 0.15925990137155183
6 0.3310434090003982 0.517899812254651 0.16498833703134771 0.13174176480628103
5 0.6060213940648722 0.6000905797101448 0.17540832758224056 0.06416062801932376
5 0.6131277647671091 0.6633408144678636 0.15992280336542652 0.09310759823054904
6 0.6243834633665142 0.6306889516635279 0.0971512270947299 0.023820733566496277
5 0.48330461570593153 0.5925458176691729 0.029805416318574196 0.02855445906432763
