4 0.6350142258161124 0.3771713087750823 0.16191224917640012 0.06504567235699316
5 0.719527867965368 0.39273877164502163 0.020104316979317027 0.021983225108225035
6 0.6550813191438192 0.38132440476190477 0.04528168590668591 0.05834009740259738
1 0.48900137482814654 0.42543510186226724 0.21091113610798656 0.08846550431196099
4 0.6001574183392365 0.4880378459923914 0.23940705758887582 0.09141742096287547
0 0.6307494588744589 0.44938785173160173 0.08116883116883111 0.02367424242424243
5 0.471149894693584 0.47923649637848664 0.020226537216828433 0.021069309600863007
5 0.4904832924967153 0.5249946734846064 0.22415752281524098 0.08056354532864596
5 0.5062758799171843 0.6293402777777777 0.20883655394524953 0.16633238440303655
0 0.4931561996779388 0.6319013112491373 0.11142742121002985 0.11322463768115942
