4 0.5786456475536532 0.39774336700972523 0.28510214166815284 0.17906975524292112
0 0.5898592830852147 0.39250244934930495 0.1498878536922016 0.12427751897860595
5 0.7163543202648394 0.4811236880909012 0.03984426952323128 0.029816115881689698
4 0.39430320150659137 0.4535747914985203 0.3480629539951574 0.13872074253430178
6 0.4474127614008566 0.45410525321239603 0.12243323255228011 0.13463718820861675
5 0.5765551669506471 0.4806183301946014 0.026529758168176265 0.02886512420410725
3 0.6817680776014109 0.5959270282186948 0.14880952380952372 0.06861772486772477
0 0.6462511791969157 0.5947574443213978 0.05588367991468768 0.060946536237233895
4 0.5202926105211368 0.5890652557319224 0.3032738355827402 0.15564373897707218
0 0.5124171790838457 0.608309202059202 0.13704180370847036 0.10389854139854149
0 0.6315839649172983 0.5460817960817961 0.04766671433338099 0.04066566566566565
5 0.6734679775724552 0.5171316038853352 0.041459369817578806 0.03331556503198296
3 0.6083770313681027 0.6623352465986394 0.11544548374905506 0.07927650226757377
2 0.6599233161733162 0.687825101887602 0.04357035607035609 0.032342610467610444
0 0.5810497997997999 0.6610963642213642 0.046698484198484214 0.05999302874302881
0 0.6874134648667359 0.4589452603471295 0.04404020175048218 0.0461263165702418
