5 0.5355802230802231 0.49636690261690264 0.22209709709709713 0.12735950235950244
0 0.5675857507754061 0.49389367816091956 0.07183908045977005 0.06884578544061304
3 0.44732232232232233 0.4216269841269842 0.08758758758758767 0.04893286143286141
2 0.4951838285171618 0.4110704110704111 0.03256003256003254 0.022130647130647108
0 0.42668984044953034 0.41254268180140274 0.027941839957343784 0.017784083917804894
0 0.43968308477237045 0.4394368597365199 0.04537872841444268 0.013451960799068907
4 0.3887340988404818 0.5333660503208375 0.1857480580884836 0.10052558257345484
6 0.3626898788189111 0.5271337365591398 0.1029399214883086 0.0870055683563748
2 0.4493137672667874 0.6122995898583147 0.10497674088278114 0.06008975178438258
5 0.5443032917865133 0.5752636625119847 0.11651752423564504 0.043610844785341496
5 0.5513713421876687 0.6166231373501782 0.10528020732102367 0.060738581146744464
5 0.46437374722357655 0.5724680372717914 0.017945175795005097 0.01845305812882614
