4 0.6079568579568579 0.35366109584859584 0.44134106634106623 0.287603021978022
0 0.6321225071225072 0.3469222030209933 0.23275335775335781 0.18661194316436253
5 0.8190763202555655 0.48643867924528295 0.059586203454127906 0.04492362982929027
6 0.40889103389103393 0.4377682517423083 0.19215644215644223 0.21104114559303244
4 0.5172062237279629 0.6541418650793651 0.47524938829286645 0.24632485569985563
0 0.5107786357786358 0.6817084942084942 0.2207564707564707 0.16020484770484766
0 0.6944444444444444 0.5869319032644504 0.07050514125985818 0.06247192273135671
5 0.7573063292402915 0.5413063417190775 0.06520165718278914 0.05124101527403413
5 0.6089605154231005 0.4827873609761365 0.042292049094770245 0.04403547133138974
3 0.6638714185883997 0.7757515348906858 0.20278027353499062 0.15044736448038343
0 0.6144242288110213 0.7637017070979335 0.07768044324648093 0.09967430368373764
2 0.7545931758530184 0.8402270028746407 0.07290755322251374 0.05878171478565175
0 0.7783642807227713 0.4508741389637616 0.06800938404711976 0.0715970350404313
0 0.7183101227912547 0.662155585504642 0.09827044025157228 0.10341793950284517
3 0.7863195068383747 0.6708127433363282 0.2704776879305182 0.13243111710092847
4 0.3228272183190216 0.43077511059068435 0.552411310608032 0.2248406193078324
