0 0.6292782383584271 0.501344092883008 0.35744631853122427 0.34327651515151525
3 0.29106768493560947 0.40419567984426474 0.08672756314265753 0.043285789158430676
2 0.3462921626984127 0.39513221153846156 0.02996858465608465 0.01950740231990228
0 0.2760673234811166 0.3947728516694034 0.03261266192300677 0.014367816091954033
4 0.21640011223344557 0.5022321428571429 0.16237106514884292 0.1066468253968254
0 0.28427750410509034 0.418548166392994 0.04812078087940158 0.014367816091954033
6 0.19559833389620623 0.4920740459304289 0.10037900108822095 0.08108887763143086
2 0.26224629195940674 0.5791780510018215 0.09785107121172693 0.060174342961228255
5 0.35304991759909793 0.5527501301066875 0.10489851678376272 0.032933255269320894
5 0.35454072339318243 0.5924936572989852 0.09649579321710472 0.04980646630236785
5 0.3579302091206853 0.48056027966742254 0.1917989417989418 0.10038737717309149
0 0.39383345930964975 0.4770171957671957 0.053854875283446624 0.05503590325018898
5 0.2816604806654558 0.5433521874753218 0.02007159967358968 0.0176449103687909
