2 0.2842204889618683 0.4448250205254516 0.06955847473088853 0.047678913519430766
5 0.2971839320523531 0.41175529970760233 0.02132066276803124 0.030512479114452762
6 0.3458080966304651 0.41030349132572613 0.036332149818991966 0.03863748267853939
2 0.37354671400724027 0.4360673819966583 0.04699248120300753 0.021701388888888895
2 0.5920798406753462 0.5862510032102728 0.01894952737649369 0.01881019261637229
6 0.5197449367132916 0.6197457060656764 0.06700901267756615 0.04790677082604089
5 0.44777831767627685 0.5150125526401037 0.13969873663751214 0.14273566569484936
6 0.5477308294209702 0.3793594902749832 0.3148520754154557 0.176056338028169
4 0.3779877069678065 0.4108302732369896 0.1429690173471268 0.03960850509357977
5 0.34171075837742504 0.5101004826882021 0.1686314551811628 0.14619883040935677
5 0.31759200730439663 0.5969939598258182 0.03262981692185235 0.014924848995645501
1 0.36649543934820006 0.6392114616807867 0.18319700068166328 0.09372869802317652
3 0.522726936833082 0.6144281502172564 0.13800212822559182 0.06719983151547393
0 0.5745134811915634 0.5870416802565775 0.026726824672030247 0.01146648727984334
0 0.5801759440458071 0.5973190503370298 0.01902587519025878 0.010107496194824983
