4 0.3135024788568096 0.5503218347706537 0.09634212390117902 0.05858642669666292
5 0.36240866028539526 0.571480572926376 0.029629757405699286 0.022152335437199966
6 0.38125106673493775 0.6126195061558566 0.07040450588837688 0.07200460829493083
5 0.4052135759452833 0.663109756097561 0.02516453735965929 0.015243902439024404
0 0.4942474591755167 0.4913033858627383 0.2176829964599749 0.13328622816032876
1 0.39040196414297135 0.5441182768071257 0.13084770279014885 0.14042337558524598
4 0.38127813314380476 0.6194844231224828 0.07057964147516388 0.08723742399115553
2 0.30197886230224535 0.5473623943773196 0.10710337202874518 0.08415264945115697
6 0.3125904867198399 0.5503237779357182 0.08982863460475399 0.058487325278370084
0 0.33857050572166847 0.43893041712809155 0.11343361634059307 0.07353959025470647
