0 0.33707611832611833 0.40077110389610393 0.20517676767676765 0.12964466089466092
4 0.2684407096171802 0.6109214519140989 0.1857687519452225 0.11525443510737643
5 0.36358615611192935 0.6534067664866634 0.055569192167130355 0.04321101292750773
2 0.2560710894044227 0.6014384920634921 0.20858770858770856 0.15675875050875054
6 0.39491758241758235 0.7326187617746895 0.13015533848867183 0.13669064087878513
5 0.4384280593958013 0.8255194999146611 0.04693633725891788 0.029068527052398152
0 0.6232006691565515 0.509891456582633 0.4109282601929659 0.24145074696545282
1 0.4244395352642776 0.6006075110456554 0.23114056619211265 0.2648911798396334
4 0.394609447444499 0.7420021273114057 0.12988872524955003 0.16824169530355104
6 0.2640388916162112 0.6105792832596957 0.17216222113129329 0.11403616429389618
