5 0.6392553267553268 0.45061802874302875 0.2194158444158445 0.08680555555555558
0 0.6178053053053053 0.45112076362076364 0.1202094952094952 0.08043758043758042
5 0.5168275786832488 0.3836575437735231 0.16841215294823542 0.1255420553100966
6 0.4551219113074783 0.3817398952708231 0.05522827687776133 0.046534936998854526
5 0.37212107065048244 0.44642857142857145 0.0641923436041083 0.05602240896358546
6 0.44642857142857145 0.4655403828197946 0.1318860877684408 0.07148692810457513
5 0.19820857012215037 0.5626286008230452 0.09430727023319616 0.06644375857338813
6 0.19328133552271481 0.5803785235358512 0.0741196861886517 0.0314295977011495
2 0.3269818463783981 0.5824096880131363 0.19214103265827406 0.08595032840722494
5 0.5179914847883598 0.6502666170634921 0.3425719246031746 0.22243923611111116
0 0.48776455026455023 0.7034909250585479 0.10489851678376255 0.04777354931043454
