5 0.616054775227437 0.49433667351832816 0.14250504358418026 0.059416752312435706
0 0.603207909862586 0.49433667351832816 0.07922233641658105 0.053707034372502016
5 0.5400441551520687 0.4484805013132351 0.11276692931369187 0.08154190932967909
6 0.50114670168627 0.4462501427429485 0.03402040272543866 0.027121160214685414
5 0.44613154643094766 0.48771504609827965 0.0451477996388176 0.03772217469822259
6 0.49434860437854455 0.5012296834901626 0.0833650159997465 0.04722697462218417
2 0.41583044456607676 0.5759954844006567 0.1261935169981147 0.05844052180259085
5 0.5316166321601103 0.6257009144237404 0.2314814814814815 0.14773119392684608
0 0.5186253245259457 0.6573961106181603 0.06983469716388974 0.032503943606428054
5 0.33825690770135214 0.562389770723104 0.06128747795414469 0.044973544973545
6 0.3375220458553792 0.5735780423280423 0.048353909465020606 0.022376543209876587
