6 0.6426154863654863 0.3236130189255189 0.12527981277981282 0.184581043956044
5 0.6688912938912939 0.22396584896584898 0.04208754208754206 0.022546897546897565
4 0.35145195028915954 0.3032426633444075 0.2768549280177187 0.15947997416020673
6 0.3966331364587179 0.3310723514211886 0.10343607727328658 0.1038205980066445
5 0.49178840661141543 0.36851208034836347 0.04126281781149038 0.035117291754459934
4 0.5018987881891107 0.4528289810547875 0.3872247823860726 0.1488095238095239
6 0.550968595323434 0.4426283282130057 0.07893838538999831 0.11160714285714285
4 0.5328341013824885 0.687898570963087 0.3893582522614781 0.1763021924312247
5 0.7029783239460659 0.4592293906810036 0.02880184331797231 0.031201996927803344
4 0.6274050024050024 0.5731421356421357 0.35413660413660414 0.16323953823953824
5 0.8053751803751803 0.6164321789321789 0.03186628186628193 0.03246753246753242
6 0.6015826873385013 0.7078546050203027 0.1257382798080473 0.1514050387596899
5 0.73078165374677 0.7469315245478035 0.039605635535868156 0.03518364710225175
