5 0.573975732268216 0.5594135802469136 0.24277457896738952 0.2280368165784833
0 0.5772659305268 0.5065993788819875 0.052047389003910705 0.043133195307108296
6 0.4669848419848419 0.48899345774345765 0.17606892606892605 0.1374141999141999
6 0.48252325621606673 0.5071357246602345 0.10396133762146836 0.05495253657018373
5 0.5377769919849128 0.4921641717743203 0.03437843784378436 0.03180005500550054
6 0.386281726861437 0.5299092765125374 0.08722490606548577 0.058050092017483346
5 0.4335281120995407 0.5568773983952555 0.044333972905401475 0.02902603349031918
5 0.45361743731308946 0.47895818955601566 0.13323364772640134 0.06290257648953307
6 0.47218867418142774 0.47473473084886125 0.09609117398972472 0.054096215780998436
5 0.4929165708151215 0.5054671325051759 0.1246070086649797 0.05840953531170917
