4 0.5002176679391869 0.2990317962628089 0.28045676779853984 0.15916968053044
5 0.6452598620320138 0.36574492666264813 0.04813810193557033 0.04018485031143254
6 0.49414808117339765 0.29918876833433794 0.2616201192150559 0.15759995981514965
4 0.7669824202082267 0.38992495519713266 0.26668373442566984 0.08380536354326679
6 0.7135123314558799 0.39082501280081927 0.06960445468509979 0.082405273937532
5 0.6183062382659157 0.39682539682539686 0.04186934630483008 0.034002176139272866
4 0.4523482918544646 0.4344870664315108 0.38784375204128285 0.21555947481873394
6 0.40437814357567436 0.41167572996276697 0.1334999020184205 0.16136341367822848
5 0.25801815925272714 0.34461958651773467 0.04980730289372268 0.04317313345091123
4 0.6424792139077853 0.5979759327973614 0.3650450079021508 0.14397804576376005
6 0.6532158317872603 0.5981369820655535 0.17436267436267439 0.14365594722737585
5 0.44449598021026593 0.5958822923108638 0.0549714835429122 0.03736343022057309
5 0.3762110904968048 0.5021516182230468 0.05153576582148012 0.03285405071119363
4 0.3754810004810004 0.671672077922078 0.23388648388648386 0.30799062049062054
6 0.45461550315919247 0.7015478116813068 0.07384291364873896 0.09944714131607346
