4 0.5487017835808159 0.6441412250384024 0.273884195255163 0.12300787250384027
6 0.5961714883085851 0.6566420250896058 0.08667221368834277 0.10800691244239635
5 0.6884440604198668 0.6836437532002049 0.028001792114695334 0.026001664106502842
4 0.6142599616050943 0.5605597696305661 0.2510886360443883 0.11544809664278688
5 0.7395116355293346 0.590409467621857 0.023996816032214152 0.023704171934260443
4 0.5238454124113039 0.47690183954718834 0.2709589434395636 0.1063199827734711
5 0.665632435243416 0.47861189849668617 0.01896968951232514 0.023455764734834517
6 0.5578122765622766 0.47885497104247104 0.05563599313599321 0.09970908408408408
5 0.6360463807272319 0.31010779016098167 0.030958009681413934 0.016534391534391513
6 0.6204501106983378 0.38099459642012834 0.08841795189312929 0.1347377012270629
5 0.5145929339477726 0.416026625704045 0.027735108380269602 0.024641577060931896
4 0.41653439153439153 0.37331349206349207 0.19497354497354502 0.11051587301587296
6 0.44682539682539685 0.38998015873015873 0.07195767195767189 0.07400793650793647
