4 0.5050025329280647 0.356193009118541 0.201578858493752 0.17202803107058423
6 0.48213582123156584 0.3761134329618372 0.09885455364178769 0.0773070753123945
5 0.4078821371766157 0.44117915571136423 0.04564709319310545 0.03362669198558771
4 0.42339347894903456 0.4975156016822684 0.2311988423099534 0.1382105548772215
6 0.3747079639936783 0.5179344465058751 0.12798048512334226 0.09727375798804366
5 0.30062530062530063 0.5527210884353742 0.04938844224558514 0.038329725829725825
4 0.607452690786024 0.40967306592306585 0.15134181800848467 0.1740579865579865
6 0.5892797559464226 0.42900042900042895 0.10784594117927448 0.0728406978406978
5 0.5542615596963423 0.4994207828058759 0.04374938381149551 0.02988514246278212
6 0.58630336192448 0.5263020063097703 0.17397055440533699 0.11661367445528936
5 0.498496500049295 0.586688479739722 0.044365572315882895 0.03466060337178345
4 0.3993588923024407 0.6350406426011265 0.25628306878306883 0.12080773169482839
6 0.4165599931728964 0.6369407642089093 0.21494708994709 0.11540738607270862
5 0.26148340160436934 0.5943380376344085 0.048269755931046265 0.03860247055811572
4 0.6877563759586232 0.5913367219546994 0.2927887759348433 0.2112314963438559
6 0.6431692527198145 0.6140482878544675 0.15382557517388973 0.14351480292491525
5 0.5478642767968611 0.6915184144818975 0.045701801319778856 0.03594836811128943
