4 0.47583537516423424 0.3808458506445084 0.1882035439082419 0.10253542132736765
6 0.4697320762757004 0.38109553105358474 0.17288981215155708 0.10203606050921482
5 0.5709358687546606 0.42279215936934056 0.03084940165477079 0.025966762543943755
4 0.4461681873099196 0.4722065991751031 0.2538745156855393 0.140607424071991
6 0.4140107486564179 0.4573647044119485 0.0822813814939799 0.10701787276590424
5 0.31857996917052034 0.4163542057242845 0.03306878306878308 0.028512060992375965
4 0.6514891179839634 0.43613719113074784 0.1752304587356135 0.05816867124856817
6 0.6159543367714575 0.4378396948922241 0.04812344306507732 0.05481440306343027
5 0.553419595248389 0.4432439318139707 0.0288225969159821 0.02238898153295038
5 0.4460911348666451 0.5782819080012958 0.0364431486880466 0.025813896987366358
4 0.5742045495446856 0.5776913940179247 0.23913004355181222 0.0968442932728647
6 0.5812907173451392 0.5776913940179247 0.11337868480725621 0.0968442932728647
5 0.3990854935099539 0.5178000456777434 0.0321171634121275 0.021054584903505646
6 0.4519003844543412 0.6497480586959004 0.05019793688858437 0.06584018499486122
4 0.4007711038961039 0.6303267045454546 0.15369468494468497 0.20489493145743143
