5 0.33065913262042745 0.5484378415681165 0.02619559592570092 0.03557666342333232
4 0.41808492515773604 0.6014813608288077 0.16665541702424458 0.13866326045118071
6 0.3918893292320351 0.5835858704923724 0.07955104284185249 0.10330091427738652
3 0.3335166201903565 0.4304520138973759 0.048571017111137316 0.12797457967421477
2 0.34942330099629504 0.4939155332856121 0.023565453045834794 0.02164917855334597
0 0.3330584030477986 0.4153499659549209 0.043203330584030475 0.06704261745552315
2 0.4026554260995864 0.48075708450882143 0.09109279782766566 0.16105941302791693
6 0.48043451688163985 0.55227963741256 0.2651956016857724 0.29802192817706963
4 0.4598831428244591 0.49344614337514814 0.09965418019587663 0.18892943896170955
5 0.4995908238958845 0.5839503854864639 0.02771838124653514 0.030803712874191813
6 0.45793075684380036 0.4836491730399729 0.09517049467468991 0.16153034698413898
