3 0.28053103078090585 0.4449189149161997 0.08537397967682825 0.2017870806901489
2 0.31003017010013517 0.5439611976402636 0.03886945416180798 0.0351738947992003
0 0.27810168989579287 0.41915557969046974 0.07357432394913657 0.10953274257645695
2 0.3904991948470209 0.5199453374113359 0.15249109452008003 0.2583458059478102
5 0.2812971571516827 0.6317445739522697 0.04101722723543888 0.05537472481462968
4 0.42029998278289227 0.7121054550856958 0.26737155531249046 0.21744709012574115
6 0.3797891410688785 0.6850933942005104 0.1250772237920173 0.16342296835537062
6 0.5980564167888416 0.6258079680338465 0.2820038294838208 0.4652827487473157
4 0.48193210207881887 0.537527506031443 0.16732603062894708 0.30179308394531484
5 0.549856530353936 0.6804704967434625 0.045393398408248964 0.0503724913173732
6 0.4799268779307062 0.5240339811725936 0.1628029451381927 0.250536864710093
