2 0.54035310111699 0.4174933862433863 0.22826646090534986 0.1867008377425044
4 0.5504574514991182 0.6698150903880071 0.14192019400352734 0.21460262345679015
6 0.5504574514991182 0.6789434523809524 0.1410016166960612 0.1853229717813052
5 0.5865116108171664 0.5557966820987654 0.05144032921810693 0.03065751763668423
2 0.6317515432098766 0.5463238536155204 0.04455099941211049 0.03169091710758376
3 0.652622159975101 0.6157541141456582 0.08218565203859318 0.14096784547152186
0 0.655661570183629 0.6338993930905695 0.07075746965452845 0.07185165732959842
2 0.5906668222844693 0.508359593837535 0.09628851540616246 0.0523751167133521
0 0.572089947089947 0.5114348370927317 0.04873294346978552 0.04620927318295742
2 0.4140946502057613 0.54673721340388 0.2549970605526161 0.15762786596119932
