5 0.5692829457364341 0.5903354558877815 0.3510674295558016 0.23474990771502408
5 0.5524643432252128 0.43530829451345754 0.13874511157119845 0.10581111973775015
3 0.4573915919024615 0.4189985550379572 0.07045088566827695 0.09125366632160115
0 0.44175580860363467 0.4173810602139406 0.03953876236484932 0.06240834195997241
0 0.4746448700253048 0.4225705227743271 0.03019323671497587 0.06577812284334017
2 0.4438535432387891 0.47402541959406713 0.055024286581663584 0.03364477621649753
3 0.390930526800092 0.46626984126984117 0.0854037267080745 0.17857142857142855
2 0.3749617385981022 0.5365649186671914 0.03170230442957711 0.018549947527220167
6 0.39029705773248213 0.4642747320330346 0.06772389152462949 0.03935307210214961
6 0.4023827895355673 0.39961557539682535 0.039590681951793105 0.023905974426807752
