5 0.5266955266955267 0.5932088744588744 0.4605579605579606 0.3170093795093795
3 0.30919919037202986 0.415259009009009 0.14478764478764475 0.2781799656799656
2 0.2734610144789785 0.5237293270601655 0.06574153280740108 0.02955398726356806
5 0.539782038675844 0.3823395139766821 0.21626398838788213 0.15758884674813878
0 0.4734981504893009 0.41877370417193427 0.06028468417848942 0.057504565247928074
3 0.40993374326707654 0.3492331617331617 0.10129176795843459 0.13987201487201484
2 0.389377472710806 0.4322402759902759 0.07805424472091133 0.05250786500786503
0 0.39176384839650147 0.3462942716769247 0.06276320051830259 0.09498839218226973
0 0.43664291113270703 0.3560799319727891 0.04094230284706474 0.09802532123960694
6 0.30714548512561757 0.41760288552507097 0.11190826588177583 0.06290733732786707
6 0.33580726572358366 0.3178027661552766 0.06004958933829224 0.037254267118283835
