5 0.6680263663503887 0.3609393012325973 0.08719813189086945 0.0551454287487807
3 0.5932059353847063 0.36024651946439656 0.13116668144601107 0.05569965416334133
0 0.5763944311430345 0.3614242484703378 0.08350329579379867 0.05112729449321629
5 0.6361028867505552 0.40575653836664205 0.1358732900183678 0.08802635907558193
2 0.5390211640211641 0.41694223985890655 0.13918283362727807 0.08476631393298056
5 0.48818314245529437 0.4397572583885875 0.11050833835643964 0.056352973678923
5 0.3730893592004703 0.4521604938271605 0.15652557319223992 0.08906525573192237
6 0.5374697890129989 0.5551268861454046 0.2494447710497093 0.21678424456202228
6 0.5471380471380471 0.6127119408369408 0.25703463203463206 0.21701388888888895
6 0.4672762824936738 0.6390452467218771 0.24801587301587308 0.23372800207039335
