5 0.3176850567627266 0.33458063646170444 0.1717650382698926 0.12545268916628138
2 0.2520733924108157 0.36091635018015383 0.13410101600285654 0.10772713993572891
2 0.4556713989943803 0.321881469979296 0.12960498208945415 0.11106797791580397
0 0.3947714351441059 0.34260080843931773 0.12077294685990336 0.12077294685990336
5 0.5801983379666995 0.35675051564882077 0.09173317789137003 0.060812931575643436
3 0.505746868741219 0.3557696619137297 0.13078049801213648 0.06137341942426683
5 0.5439814814814815 0.4066840277777778 0.14120370370370372 0.09164186507936506
2 0.4495336214819783 0.419298196586929 0.127151799687011 0.0859322602280349
5 0.3787280528574061 0.43310234541577824 0.12668140777593517 0.06046158098396903
5 0.2629622156458315 0.46261265805757334 0.1612336711206768 0.09458232445520581
5 0.6102311451887723 0.461982109227872 0.2407295309837682 0.11349878934624696
0 0.5526410187427137 0.47722037261232175 0.1249887902430275 0.07965933548560672
5 0.7063060731538993 0.605212646652864 0.3917931907062342 0.16929779158040015
0 0.5933259547205125 0.6025773404599936 0.15454594536227184 0.11793407839326209
0 0.6607007882518088 0.5996247705431379 0.04724111866969005 0.0458913724219846
6 0.38072612085769986 0.5776159147869674 0.3045808966861599 0.23039369256474518
6 0.4019391261659303 0.6494436262477499 0.3115965744831724 0.19125347733595166
6 0.3025793650793651 0.6907242063492063 0.2796149323927102 0.24443342151675485
