5 0.4181884159760266 0.3485391206630144 0.18729222269045287 0.1382743362831858
2 0.33619929453262787 0.3748656580687831 0.13686801881246324 0.11729083994709
2 0.5661603721948549 0.33601874657909137 0.1375205254515599 0.12161330049261082
5 0.6960876137894771 0.37471963423050375 0.10105491471951089 0.06362146307798477
3 0.610379139171274 0.37425316568574996 0.15141043933178766 0.06632334581772786
5 0.6609495172639503 0.4311513050237277 0.15869606720122198 0.0995898789068892
2 0.5469220289579572 0.438260383993917 0.1433640655197541 0.09534502423723984
5 0.47367625785228784 0.4549744367160098 0.144288884925589 0.06093573509303851
5 0.3499581287351071 0.48541523923718166 0.17842868562293024 0.10295335160443075
0 0.43929077399022753 0.45564446179200274 0.07228149304652037 0.059090120565530424
5 0.7218486674505193 0.49304636978248084 0.27587938467568096 0.12446722516166958
0 0.6597755589691073 0.5144329237071172 0.1508363201911589 0.0768049155145929
6 0.4689153439153439 0.6149140211640212 0.32407407407407407 0.2569444444444445
6 0.48765432098765427 0.6899801587301587 0.3298059964726631 0.21197089947089953
6 0.3774046011488934 0.7344911240459185 0.30000018584493465 0.26967261556302646
