5 0.7090766493421359 0.3468929976120241 0.10359601067565671 0.06123577749683945
3 0.616454792339748 0.3448079084141031 0.160661609776654 0.061016294423374084
0 0.596993959825818 0.3459053237814299 0.104766587067472 0.0566266329540665
5 0.6733764294248166 0.3992255504352279 0.16801075268817212 0.10480670762928829
2 0.5467016555726233 0.4093261968766001 0.16054360812425328 0.09900633640552997
5 0.4880125661375661 0.4322916666666667 0.13640873015873012 0.06498015873015872
0 0.449239417989418 0.43278769841269843 0.05654761904761901 0.0625
5 0.34996104781380855 0.441483469665985 0.1886746518648359 0.10635772713993574
6 0.43503324753324757 0.6691401222651223 0.29449091949091954 0.2838776276276276
6 0.481167495056384 0.6063862834696168 0.1700203089091979 0.1971600929934264
6 0.5383533892819161 0.609852763410816 0.2919734095608002 0.32350434972157827
