4 0.6183045920700241 0.4786808413351623 0.18820628388529637 0.3204814161604284
5 0.6816875730733409 0.3153300437944633 0.03913758595406536 0.028733923865010058
6 0.6377551020408163 0.42635109599395316 0.14697236919459133 0.09894389854707314
2 0.5109856442577031 0.4677044428882664 0.08048358232181757 0.08096988795518212
5 0.455026455026455 0.33399470899470896 0.21340388007054684 0.1468253968253968
2 0.42132079169116204 0.6301440329218106 0.10716735253772292 0.07716049382716061
4 0.4560736331569665 0.5317031648050167 0.0940010777973741 0.08604007446600043
5 0.43261749144102085 0.5218059446000622 0.04474011826953006 0.04337846249610955
6 0.4902196568863235 0.5184784351451017 0.02364919031585694 0.05371172037838712
6 0.4251864711934156 0.572503306878307 0.026638741916519715 0.013319370958259857
