4 0.6183045920700241 0.4786808413351623 0.18820628388529637 0.3204814161604284
5 0.6816875730733409 0.3153300437944633 0.03913758595406536 0.028733923865010058
6 0.6377551020408163 0.42635109599395316 0.14697236919459133 0.09894389854707314
2 0.5109856442577031 0.4677044428882664 0.08048358232181757 0.08096988795518212
2 0.40205318238406473 0.4543310379707438 0.10139472455648924 0.13543611889200124
5 0.3539757060883822 0.6248136969967956 0.34000298084805125 0.2594269319621431
0 0.3344161738769582 0.6044779022720199 0.20068212470173255 0.15399678389874472
4 0.4602684695277287 0.5527385851459925 0.0827944346462865 0.10067607289829517
5 0.4410018993352327 0.5564034730701397 0.04460046126712797 0.041039207705874436
6 0.4901919396600247 0.5212906675672633 0.022937070809411153 0.03166160081053704
