5 0.5570787736690324 0.4066165117614662 0.45122203770444186 0.3725636221793738
5 0.6495872525965118 0.21846830295904368 0.09767538702723888 0.12400793650793651
6 0.4530117087987458 0.1754482657260435 0.3138472467176171 0.19228884969625706
5 0.34713380301615593 0.34536541889483063 0.09054126701185528 0.10433466315819251
0 0.5538559037749976 0.6438756691588406 0.4334939003223792 0.47291083901116265
5 0.7858816217249951 0.5854768279467074 0.15458660036973282 0.13625932300631094
2 0.7168555173073246 0.5931463951042264 0.10976445464397278 0.12052176961815508
6 0.35642999714856005 0.36890504704875965 0.07207806609004214 0.057028799543769604
0 0.5449313295057976 0.4226237382265751 0.16768921910765883 0.11961049195091744
0 0.6460139217231415 0.36387387894480094 0.02509475027205521 0.03259972231603442
