4 0.6184808776143125 0.6949778119132958 0.5113216134721511 0.383668999260397
5 0.593278463648834 0.4557368214775622 0.12884577699392508 0.13056045463452876
5 0.449082239205696 0.5275695669214188 0.0792017767326409 0.0789976484420929
5 0.7129240585122938 0.29640328353563644 0.09726112667289144 0.2047346716464363
6 0.6548105353252411 0.34211601307189543 0.13567927170868344 0.19792639277933394
0 0.36716075319016495 0.2951875194522253 0.2421802054154995 0.3345782757547463
2 0.5566974991435423 0.4974591755167294 0.08279091012903961 0.07946024133074492
0 0.6100884283754654 0.6854117675876935 0.09828777189888305 0.16809964726631388
0 0.7097540662355477 0.7409398863722281 0.03368116794042719 0.02082108563590046
6 0.38528977482465854 0.4322013042943275 0.061010623026126864 0.04204093351380167
