0 0.38029100529100524 0.309512206442031 0.25816856957207834 0.4159704817599554
6 0.3915976112667289 0.40959091970121375 0.06686702458761284 0.1602377061935885
5 0.4585862122626828 0.5553610333022098 0.08753501400560221 0.12789838157485217
2 0.5911044973544973 0.4904392312480548 0.12741207594148762 0.20570728291316526
5 0.591833955804544 0.3481948334889511 0.12741207594148762 0.16583022097727979
5 0.7022253345782756 0.22126906318082787 0.08656240273887328 0.18771397447868038
6 0.6892141777345859 0.3679745707806933 0.10359302451139174 0.27636054421768713
5 0.6652509093915344 0.7747912533068784 0.6236565806878307 0.413876488095238
0 0.6353642405471673 0.7454590914956768 0.11412762937153165 0.18671764098593369
0 0.7535246483417215 0.8095802684217317 0.03992450638792111 0.023793392695831694
6 0.458370076425632 0.5828373015873016 0.0881834215167549 0.07348618459729572
