4 0.42650250983584315 0.613362332112332 0.18230226563559887 0.25373931623931617
6 0.40165852665852664 0.6650641025641026 0.14702889702889704 0.09869759869759875
0 0.4690679690679691 0.5446810134310134 0.06376339709673046 0.03421347171347178
5 0.45702754036087373 0.5504044566544566 0.150250983584317 0.04489723239723242
6 0.4457502374169041 0.5516127391127391 0.1226088726088726 0.04248066748066748
5 0.493996743996744 0.5063975376475377 0.04171754171754172 0.015644078144078144
3 0.5967643467643468 0.5347603785103786 0.1597476597476597 0.13799857549857558
0 0.5975274725274726 0.5299272486772487 0.1361755528422196 0.10365791615791614
4 0.6464203162316369 0.704663250359005 0.2570245966472381 0.26641848280999225
5 0.5414396272605226 0.5899939785200978 0.036852773171181075 0.019125602147990306
0 0.6988042591276422 0.7330658216852246 0.1449432730527257 0.11055831951354345
4 0.7635428832046673 0.6449194430097369 0.3349664065881116 0.20195808152376238
5 0.6244371270967016 0.5637963666554092 0.03517955645615212 0.030166469661150552
6 0.7865853621753747 0.6512737721230196 0.2679661028195972 0.18360790489823664
