4 0.4360736999625888 0.46058301266634605 0.37778579445246113 0.12551106301106302
0 0.3611642651497724 0.44250737185519795 0.10103624234059017 0.10489208858774074
0 0.5475519515374587 0.4517303600184035 0.04744651483781914 0.04151570048309178
5 0.6020896752917301 0.4575553109371603 0.013703160107269685 0.03278565992607091
5 0.36904311989346006 0.5540708346830796 0.16849332325522803 0.0755857898715041
6 0.35779523449591477 0.5566016088975272 0.1419483137170212 0.07052424144260871
0 0.6211180124223601 0.5569573844030364 0.07246376811594202 0.08260006901311245
2 0.6681331953071084 0.5590062111801242 0.10495744191396372 0.07893374741200831
4 0.685530250747642 0.6940131124913733 0.2766275592362548 0.2799344375431332
0 0.7434725097768575 0.7196773636991027 0.15269151138716364 0.12551759834368537
5 0.5729526109960892 0.5744263285024154 0.03939498504715899 0.020919599723947524
4 0.4829782790309106 0.6774749373433584 0.182748538011696 0.31197786131996663
6 0.48276072124756336 0.7156563283208021 0.1831836535783905 0.19710735171261495
5 0.5013544611147351 0.5399441454664058 0.044167210263100665 0.010702054794520577
