4 0.3615682384064737 0.6090978057889822 0.22126906318082784 0.25166316526610644
0 0.32120487083722377 0.6504051109437485 0.15124105197634607 0.10960457296125992
0 0.417259409004692 0.5335850928421683 0.06270589997005094 0.033458745133273515
5 0.4486123589897174 0.5016471997604073 0.03681241888789061 0.01778227014076078
5 0.4964997005091344 0.4562556154537286 0.04211590296495954 0.009827044025157217
4 0.5354592895775065 0.5859680278284929 0.20237852747542673 0.2929216592007289
0 0.5688724438724438 0.6274131274131274 0.1337647170980505 0.09831259831259831
3 0.6307463001303582 0.5016210892569588 0.16669542213020472 0.10707815734989645
5 0.6616152902384786 0.5577661318150449 0.03738210259949393 0.02929462847941111
4 0.7956509216589862 0.6468413978494624 0.325620839733743 0.21881400409626206
6 0.8137854155999317 0.6581421210957501 0.2733508277863117 0.18741199436763945
5 0.5880918751681464 0.5445840059187518 0.13984171823154878 0.11433952111918222
6 0.5915949242220429 0.5500487624428303 0.12667025378889785 0.10341000807102513
0 0.6327489536444759 0.5047308102345416 0.13079444049593303 0.08958185264155416
