5 0.5121436990553978 0.31418577363865136 0.13778906652057699 0.21511486321941722
4 0.49941619491895906 0.4901888435454471 0.06363752068219425 0.08671010781571703
4 0.6235093602492378 0.36123061936845524 0.17735500329254994 0.21695975913038984
6 0.639142055547255 0.3429661498498255 0.07249143660319524 0.09777948328155328
5 0.5396225131945507 0.4596954689590169 0.03339623970485006 0.044536288167598914
3 0.5572702331961592 0.5607253638749702 0.08759766207431263 0.11681778414061883
2 0.5579225562116061 0.5607253638749702 0.07995616389336191 0.1058816511572418
6 0.6196136756724518 0.4947357432593653 0.07548309178743962 0.08823470929770139
4 0.6307963559372578 0.49436292054402287 0.0341071748076579 0.04573291974866772
0 0.507083811895222 0.3854432040657515 0.11693105688870964 0.06925976976850834
