4 0.43510860592673123 0.46421360343469525 0.35207198511927873 0.11719554120734521
0 0.36456811763560226 0.44749367026974385 0.0953517057811536 0.09768477943324566
0 0.5388385756483915 0.45472112669198556 0.04382120946538137 0.03880002921413961
5 0.5899835216572505 0.45982773405972555 0.01219061070755978 0.031001984126984128
3 0.5912737089637674 0.5367150515176831 0.1541276029580123 0.1274888610414927
0 0.5941503063213589 0.5371501670843777 0.13749651907546656 0.1031223893065999
5 0.46089616402116407 0.5555881892230576 0.1538133528265107 0.05710891812865493
6 0.4502358326371484 0.5570567042606516 0.12727130325814534 0.054171888053466954
4 0.6460968363705876 0.7094089168896819 0.2553132773081481 0.26684937095563765
0 0.697947493498341 0.7397388687113263 0.14488610886915987 0.10782384987893456
4 0.7488259640773871 0.6474920277250685 0.33713216469383445 0.19671141305984774
6 0.772449436763953 0.6518417178699436 0.2680171530977983 0.1832117255504352
5 0.6087598645861358 0.5684923157115953 0.034610124652497576 0.030161252354048984
