4 0.5019481000240621 0.4779330091575544 0.06455105780443104 0.08515785056648484
3 0.5574758916837877 0.5624737738503691 0.08583671127399262 0.11477797250265354
2 0.5580543061802433 0.5626280453187866 0.07681344512928723 0.10521314146076566
5 0.6113703976636917 0.3378911226235396 0.24200078240854467 0.20867961612656666
0 0.5636070853462158 0.334251361877146 0.10462439840970916 0.19169406597672983
4 0.6171838072119273 0.5097543777177106 0.19007218336658094 0.18776910009722325
5 0.5249517308786182 0.4305601555572175 0.030443595228366926 0.04594066175920686
6 0.6375129184992909 0.5267150290067202 0.06369120580671517 0.08653938610455236
6 0.6793728619382956 0.4610091988162266 0.1013451262207481 0.1004284233805916
4 0.6323054614207545 0.44551758031602895 0.04165965662829185 0.04647485550059294
5 0.633907755906458 0.44565112875137547 0.0252361381498305 0.04620775862989984
