3 0.5575304590891137 0.5702921354384733 0.08659192416370431 0.11547656028416686
2 0.5582900373712515 0.5704609608190057 0.0789961413423268 0.10500938669115767
4 0.5015748589716322 0.49499601572101937 0.06380457569957154 0.08576329331046306
4 0.6326021126403953 0.523865155792061 0.1987563171593798 0.16848772977134285
5 0.5330973576803492 0.45549087667643595 0.02911716748194748 0.04794640807120382
4 0.6063966619066428 0.4190245944814359 0.036459757542612325 0.04592050350481486
6 0.6653905751526752 0.4502572898799313 0.10684734502071114 0.11243770343458354
6 0.6539969009206088 0.5316311232965518 0.061779033613870826 0.09623046690347248
5 0.5229696472518457 0.32819653975500057 0.13495174145980815 0.21609648708148188
0 0.5192769379084181 0.4044736945195283 0.11296176124209856 0.06178840942032848
