3 0.549347158218126 0.36268987881891107 0.18561187916026622 0.2570831199863458
0 0.5341461853558628 0.4010923365762076 0.10934033111452474 0.11627410820959205
0 0.607484212322922 0.2877517494452978 0.04053592763270186 0.040002560163850454
2 0.6197516641065028 0.2562830687830688 0.04480286738351258 0.048536439665471914
2 0.6816222904932583 0.37122375832053256 0.050136542072026 0.05013654207202589
3 0.6474867724867726 0.38855820105820105 0.10880696364567333 0.0890723672981738
0 0.6112177846048814 0.3941585594811401 0.03733572281959374 0.07680491551459295
2 0.6376194743130228 0.48083077316948286 0.057070319167093264 0.056003584229390724
3 0.6093509984639016 0.4781639358252262 0.12000768049155142 0.10827359617682203
0 0.5785179240235421 0.47355240473218 0.0594494976517449 0.09846323048570238
