5 0.35475273717847977 0.5577901540154016 0.15683115930640684 0.06802019487663058
6 0.34394808528471893 0.5600001964482163 0.13129289119388132 0.06360011001100108
3 0.5847608570380848 0.5441615590130442 0.16370684687516368 0.13211142542825705
2 0.6400144598902362 0.5963164251207729 0.0735318281902132 0.043749383811495623
0 0.5822981366459627 0.5419377896085971 0.1347398862926813 0.10228729172828555
4 0.649525443564436 0.6975425033137248 0.2667297461120788 0.2520553309890784
0 0.7069108507600571 0.7183602607709751 0.14356051062400255 0.11672493071302592
5 0.5401006821461367 0.5903700150859241 0.034298613844068404 0.020189721894267376
4 0.42570483823071814 0.46900896570927625 0.34859985688143036 0.11571437231375115
0 0.3563623517039666 0.4524364093463472 0.09448223733938016 0.09674159518880021
0 0.5303329061093036 0.4602157892142364 0.040668441289559376 0.037125357389332536
5 0.5795252883762201 0.4651452972493345 0.011296789247099759 0.030347283841072603
5 0.4532066449768313 0.5444795671891945 0.040463045121430175 0.007240214926550248
4 0.44951755648321895 0.6731405395896222 0.17200819108657484 0.28966051428662076
6 0.4493180767452612 0.7119018723994452 0.17240715056249034 0.17987170596393898
