5 0.25511789354071235 0.4262044582933845 0.22748659493625936 0.15396958559710244
0 0.22986214879804545 0.41604869221301166 0.15573420002801175 0.11762964014176541
0 0.3009891146833822 0.4403466535234051 0.1356451993394669 0.1255876554443433
1 0.46860260038554613 0.40682293589270335 0.14560518436487424 0.11151101267380342
5 0.4181065873966233 0.5072574068071799 0.10611896908928481 0.07820682788776945
6 0.3993257194476707 0.5017784552845529 0.06113692089301842 0.04633662408052652
3 0.3372246831549157 0.35979605020302696 0.12412329272794392 0.04545035068290881
0 0.32768856896763876 0.3480873938722776 0.06444567491079123 0.02226375046142487
6 0.4153592961732497 0.362218530823182 0.042912513842746414 0.034145441122185316
5 0.4446597760551249 0.3531053894425987 0.02061031130798574 0.014073458840900666
