2 0.5121192621192621 0.4676551551551551 0.08222508222508218 0.08267195767195762
2 0.4015175890175891 0.454025454025454 0.10322822822822819 0.1358501358501359
5 0.44106606606606613 0.556583369083369 0.04468754468754471 0.04245316745316752
5 0.6814850564850565 0.31571750321750325 0.03932503932503928 0.029940654940654954
6 0.6376912626912628 0.4269894894894895 0.14657514657514648 0.10233447733447743
4 0.618475618475619 0.47927391677391684 0.18679393679393808 0.3230909480909481
5 0.3539147140337617 0.6249842529604435 0.34092340639959684 0.26140085663895185
0 0.3338372385991433 0.6053004535147393 0.20156210632401103 0.154320987654321
4 0.4595182980599648 0.5511463844797178 0.08267195767195767 0.09782848324514981
6 0.461713697824809 0.5537918871252205 0.08156966490299827 0.09847148736037636
