2 0.5387358187299085 0.42916860154227177 0.22135758690132212 0.1928279438252843
6 0.42159456375142645 0.6662721512215997 0.5919960576823322 0.28017891184251476
0 0.42623409991692646 0.7365405025240797 0.0782387549694874 0.06372096473573796
6 0.5051312098291965 0.5385606423777565 0.07634672064202264 0.04544183445190153
6 0.3125998721636306 0.477056034941941 0.15113987429423675 0.10719612229679354
4 0.4001427106342881 0.4639287980700376 0.3936947462215252 0.231082801210918
5 0.5681116390967385 0.5581051467847824 0.03290851593831723 0.03052491566564408
3 0.707939713184985 0.4661327875811475 0.12549329555830746 0.30464762983601634
0 0.7036548773125955 0.42029535527857675 0.10542061716558371 0.12484020453819111
0 0.6933192696810615 0.5738925493198164 0.05773488487707312 0.038538267916292
