2 0.5996148459383752 0.44323719070961715 0.15075474634298158 0.08881156629318387
6 0.34588488173046994 0.4870958800186741 0.1505115935262994 0.10795985060690944
4 0.43440491275875426 0.47457785197412294 0.3932029160870698 0.23246277677737764
5 0.6013119533527698 0.5694241982507289 0.03408109275456217 0.030369290573372343
6 0.5384643936939855 0.5494943513119533 0.07676681783824646 0.045933551992225485
3 0.767142836653615 0.4843731538339129 0.2592401359666108 0.09541797370957045
0 0.8054868881371613 0.4728564923237054 0.060897157891693476 0.03903200624512093
0 0.7005883713533987 0.46120110156995403 0.07950964235117253 0.03903200624512104
6 0.4500550220088035 0.6829190009337067 0.5930427726646214 0.2745681605975724
0 0.4591779817683432 0.7543567125645438 0.07809013833110212 0.06514151845477145
