4 0.41258843097603815 0.4821346540862159 0.39570127424864054 0.23340734313325168
6 0.5177664703874381 0.5578357014848951 0.07760496671786987 0.04640296979006664
5 0.580970515446322 0.5778369815668203 0.03493556920976282 0.031201996927803455
6 0.3245541047960403 0.49483166922683053 0.15307646356033455 0.10880696364567327
2 0.5789703874381293 0.44312836021505375 0.14827615634067248 0.09140584997439832
0 0.7031116658132788 0.43472782258064513 0.0984062980030721 0.12500800051203276
3 0.7116455453149002 0.48163082437275984 0.12134109916367974 0.3044194828469022
0 0.700602007988474 0.5901036884237687 0.05702264386261513 0.03853430977124439
6 0.4306457431457431 0.6891835016835016 0.5957391374058041 0.27507215007215
0 0.4391468108975155 0.7608230616079817 0.07909580646818354 0.06533544360431298
