2 0.6806657848324515 0.3700029394473839 0.05180776014109345 0.05144032921810704
2 0.6310626102292769 0.4774764844209288 0.059891240446795946 0.05401234567901225
0 0.6178350970017636 0.4734347442680776 0.06797472075249855 0.0709141681363904
2 0.5504115226337448 0.3560405643738977 0.05805408583186367 0.06246325690770138
0 0.6114050558495003 0.3907627865961199 0.03600823045267487 0.07679306290417409
0 0.5750293944738389 0.47012786596119926 0.05731922398589062 0.09663433274544392
0 0.5419606114050558 0.38396531452087007 0.06319811875367431 0.049235743680188016
3 0.6437389770723103 0.38672104644326866 0.10875955320399766 0.08708112874779539
3 0.6055261610817166 0.4772927689594356 0.11831275720164602 0.10728982951205174
3 0.5415931804820693 0.37055408583186356 0.06540270429159312 0.07458847736625512
