2 0.3156915220868709 0.4636166482096715 0.11612526147409868 0.16657438169066086
5 0.42174234034699154 0.45721437799926173 0.09320782576596531 0.11224160206718337
0 0.43304724990771504 0.46557770394979703 0.06936754029777287 0.0703672942045035
0 0.3870585701981051 0.47076873385012924 0.02353266888150607 0.06759874492432638
4 0.5140273163528978 0.44308324104835733 0.14581026208933184 0.23186600221483944
5 0.47619047619047616 0.32582364341085274 0.05567860219023002 0.023417312661498713
5 0.5824720068906116 0.4046119416758952 0.06890611541774327 0.06171557770394981
6 0.5673987941429802 0.4117640273163529 0.0390673065091669 0.04741140642303432
3 0.619385997292974 0.4496008674787745 0.0968992248062015 0.07578903654485053
2 0.619385997292974 0.4404300479881875 0.05137196997662108 0.039451827242524884
