2 0.6004807071880242 0.33613208155891083 0.03629500580720091 0.03508517228029423
2 0.7033165569750935 0.37323364305071616 0.05081300813008127 0.050409730287779064
2 0.647059297973932 0.4823202993934701 0.06492773261065932 0.05807200929152151
3 0.5780987869402503 0.37323364305071616 0.06976706671828614 0.08912440314879339
3 0.6678281068524972 0.3905745902697122 0.12098335269066973 0.08751129177958439
3 0.6194347657762298 0.48030391018195906 0.12340301974448431 0.10807846173699837
0 0.6331462124145051 0.3905745902697122 0.04194089559943226 0.0802522906181442
0 0.5670086462769389 0.3738385598141695 0.038714672861014376 0.0556523422377081
0 0.5821315653632726 0.4750612982320299 0.04718350754936107 0.09678668215253577
0 0.6252822944896115 0.4750612982320299 0.06250806555684607 0.0677506775067751
