2 0.32855763300548574 0.4749580046742623 0.11340766708864869 0.16661189015483485
2 0.27707828550411995 0.38734750002475776 0.04696664664040151 0.03429914845734494
0 0.43071715865833515 0.3265729368670546 0.10459311929900167 0.07429253752783166
3 0.3960546154458603 0.3279024042532934 0.25531828712403265 0.13530814830404436
5 0.44098925596873617 0.468278918603816 0.10709233007454616 0.11476012587503698
0 0.455032440326558 0.47375520721108955 0.07451698628169218 0.07193582561229617
0 0.4102923220570279 0.48368706456941757 0.0389044506691566 0.06778352366587664
5 0.5575637036737942 0.3708180794458352 0.13389679249628372 0.11218897772035136
6 0.564518460693324 0.3750731850117096 0.11818024113106085 0.10123926619828255
5 0.4802201694278197 0.3555571818891491 0.0543918235175066 0.027512143290831792
4 0.5454551989878076 0.46907349896480327 0.17648665746491832 0.229684265010352
