2 0.6398002968124918 0.4823202993934701 0.06089495418763713 0.05645889792231262
2 0.6847657762291908 0.3736369208930185 0.05081300813008138 0.05202284165698795
2 0.617418376564718 0.30991902180926567 0.03952122854561879 0.03669828364950317
3 0.570638146857659 0.3802910052910053 0.11937024132146079 0.15082591302103499
3 0.6458494644470254 0.38996967350625883 0.11332107368692734 0.08872112530649112
3 0.6107642921667311 0.48111046586656336 0.12138663053297205 0.1072719060523939
0 0.5643873403019743 0.3869450896889921 0.07863917924893526 0.0858981804103755
0 0.6164101819589625 0.3897680345851078 0.03911795070331647 0.07863917924893532
0 0.5770905923344947 0.47425474254742545 0.0475867853916635 0.091947348044909
0 0.6188298490127757 0.4764727706800877 0.056055620080010304 0.07057362240289067
