3 0.4862395335696306 0.3562117943185904 0.0818693173062105 0.09856423691375144
0 0.49282118456875734 0.35123542405095803 0.03852673755586378 0.03403195150767968
0 0.49988441978733233 0.392812194996661 0.03467406380027738 0.02279498638721944
3 0.6027829146761186 0.47468151230287153 0.11846971798428108 0.10691169671752199
0 0.5701957158267839 0.47468151230287153 0.05329532028561157 0.10691169671752199
0 0.6087224533826474 0.47371834386397493 0.05907433091899106 0.07031129603945141
2 0.6266048085901027 0.4764579442888266 0.059329287270463826 0.0556819950202303
3 0.6422881652661063 0.38442460317460314 0.11014822595704932 0.08802131963896676
0 0.6072741596638656 0.38819347183317765 0.040606520385932154 0.0707574696545285
2 0.6720743853096793 0.3688628229069405 0.05057578586990352 0.04911686896981016
