2 0.6035052910052909 0.3165417401528513 0.048868312757201715 0.03858024691358025
2 0.6806657848324515 0.3698192239858906 0.05107289829512063 0.051807760141093506
2 0.6319811875367431 0.47894620811287475 0.06025867136978247 0.05548206937095823
3 0.5544532627865961 0.3905790711346267 0.12713109935332156 0.16901822457378013
3 0.6446575543797766 0.3865373309817754 0.10765726043503832 0.08818342151675485
0 0.5755805408583186 0.46902557319223986 0.056216931216931276 0.095164609053498
0 0.6117724867724867 0.3920487948265726 0.03527336860670194 0.07054673721340382
0 0.5487580834803057 0.40270429159318044 0.09222516166960615 0.09479717813051153
0 0.6130584950029394 0.47416960611405057 0.05915637860082312 0.07311875367430926
3 0.6053424456202234 0.4780276308054086 0.11868018812463255 0.1072898295120518
