5 0.4750199297807673 0.5815149562322919 0.24947376231233565 0.3387304194419799
6 0.5185999384826937 0.5365631007053637 0.07252407920051618 0.09510749358577375
4 0.5192784381841539 0.5368647100930566 0.05156597731097001 0.06796264869342805
5 0.5191276604727182 0.5377695382561347 0.0407099820876079 0.052077887608277806
5 0.5005820019661413 0.6454440896624387 0.10011640039322822 0.1423596309909677
6 0.5025421122148039 0.650470912790651 0.09649773531877415 0.13230598473454347
5 0.3973881771458393 0.6178164161899802 0.1524138682608629 0.17324700169672413
5 0.39498178412763674 0.5020636927153932 0.054019483560032444 0.06990663884615966
3 0.4315848379986523 0.5499626859988729 0.07377713822363835 0.10478380724653136
0 0.4293578191203846 0.5504195921351224 0.06726739073331733 0.0901628108865502
