2 0.7028953556731334 0.3747795414462081 0.04923574368018824 0.04997060552616106
2 0.6031378600823045 0.22615373309817755 0.044459141681364 0.046663727219282775
0 0.49143885949441507 0.3439153439153439 0.09663433274544386 0.09479717813051147
0 0.6312463256907701 0.39186507936507936 0.04115226337448563 0.07752792475014691
0 0.5832965902410346 0.47527189888300997 0.05401234567901225 0.09663433274544386
0 0.6244488536155203 0.4749044679600235 0.05768665490887703 0.06944444444444442
2 0.6455761316872428 0.48170194003527333 0.06025867136978236 0.05658436213991774
3 0.5230379188712522 0.3233392122281011 0.20759847148736038 0.24323927101704876
3 0.6690917107583774 0.3891093474426808 0.11904761904761918 0.08818342151675485
3 0.6167328042328042 0.4800485008818342 0.12014991181657853 0.10471781305114647
