2 0.307040879666578 0.45813658331116425 0.1167568206674352 0.1669604061363838
5 0.4100344358724247 0.45010031480003543 0.08184061955011673 0.10932096302208033
0 0.42315110401702577 0.4604227631462268 0.055607283260914575 0.06872395140551568
0 0.37604194377937394 0.4609077103839674 0.01385563536401524 0.06830828234459524
5 0.47561777659543025 0.4291090272235524 0.0722340456977329 0.05486831604150033
4 0.4902123791788596 0.4386001374479028 0.13135142325086457 0.099067792852709
2 0.609278472406964 0.4348591158996187 0.051358221749283284 0.03948856078744345
3 0.610479294138512 0.44448878247760926 0.09698944754810679 0.07620599450208382
5 0.5822137979959209 0.39502416422807485 0.06336643906476302 0.05680810499246258
6 0.582121427093494 0.3989730203068192 0.06355118086961664 0.04891039283497389
0 0.6043235458764469 0.47622433501273087 0.0495467432327501 0.012358470122975251
