2 0.5 0.36331569664902996 0.04497354497354494 0.04938271604938271
2 0.6812169312169312 0.37103174603174605 0.050264550264550345 0.05335097001763672
2 0.6329365079365079 0.47883597883597884 0.06216931216931221 0.06172839506172839
0 0.4847883597883598 0.406305114638448 0.06216931216931221 0.047178130511463856
0 0.6117724867724867 0.39109347442680775 0.0357142857142857 0.07936507936507936
0 0.5694444444444444 0.4713403880070547 0.0427689594356262 0.0881834215167549
0 0.6115520282186948 0.47310405643738984 0.05467372134038795 0.07142857142857145
3 0.49823633156966496 0.38337742504409167 0.08730158730158727 0.0939153439153439
3 0.6461640211640212 0.3869047619047619 0.10273368606701949 0.08686067019400345
3 0.6049382716049383 0.4781746031746032 0.11728395061728403 0.10449735449735453
