3 0.5430664714645297 0.3610276365130734 0.2353341552370679 0.32587198849334775
0 0.5289400010273796 0.43214157291827193 0.09599578774336054 0.12392767247136183
0 0.6173909693327169 0.2724161401345867 0.033389839215081984 0.04655314121333537
3 0.6008565777983254 0.47436045615657263 0.11911183027687877 0.10562747213232643
0 0.5652193455591514 0.4727551754250784 0.04783736579853082 0.10241691066933784
0 0.6045487234807623 0.47163147891303225 0.05457954487080707 0.06934812760055475
2 0.626701597575384 0.4761262649612164 0.05843221862639336 0.05714799404119797
3 0.6421122925977295 0.38205681409564907 0.11108542661940723 0.0847588226229003
0 0.6154646324549238 0.38285945446139624 0.05843221862639336 0.08186931730621055
2 0.6718099861303743 0.3682513998047978 0.05104792726151952 0.04815842194482972
