2 0.5970752498530276 0.3188298327187216 0.03974934530490082 0.03640906418684198
2 0.674402757736091 0.369101063545508 0.05077227299449527 0.05210838544171875
2 0.6279728501950723 0.47682512960290735 0.06146117257228367 0.05778686334241895
0 0.6087662337662338 0.3894767783656673 0.03574100796323021 0.07348618459729567
0 0.5511463844797179 0.39181497514830854 0.08617925284591954 0.08951953396397838
0 0.6097683181016516 0.47315082037304257 0.060459088236865965 0.07448826893271332
0 0.5736932820266154 0.46830741275185717 0.057118807118807124 0.09419592752926093
3 0.6398308481641815 0.3868045534712201 0.10521885521885521 0.08885147774036667
3 0.5509793704238148 0.3836312864090642 0.1165758110202555 0.14396611618833843
3 0.6039228261450484 0.4763240874351985 0.11757789535567309 0.1095612206723317
