2 0.7012786596119929 0.37610229276895946 0.051587301587301515 0.05379188712522048
2 0.6415343915343916 0.4792768959435626 0.061728395061728336 0.05555555555555558
2 0.5079365079365079 0.3463403880070547 0.050264550264550234 0.05864197530864196
0 0.5125661375661376 0.3937389770723104 0.07186948853615527 0.04409171075837742
0 0.628968253968254 0.3944003527336861 0.03483245149911829 0.0753968253968254
0 0.5756172839506173 0.474647266313933 0.04541446208112876 0.09038800705467376
0 0.6221340388007055 0.47597001763668423 0.060846560846560815 0.06834215167548496
3 0.5050705467372134 0.3648589065255732 0.08862433862433866 0.09920634920634919
3 0.6611552028218695 0.39241622574955903 0.10626102292768957 0.0881834215167549
3 0.6130952380952381 0.47883597883597884 0.12037037037037035 0.10405643738977072
