2 0.6793797766019989 0.3700029394473839 0.052175191064080084 0.05144032921810704
5 0.5924823633156966 0.35659171075837737 0.047398589065255625 0.044459141681363834
2 0.6314300411522633 0.4783950617283951 0.061360964138741925 0.05658436213991763
0 0.6108539094650205 0.39149764844209284 0.034905937683715416 0.07826278659611996
0 0.5663947677836567 0.47361845972957084 0.03931510875955324 0.08818342151675479
0 0.6143445032333921 0.4747207524985303 0.058054085831863556 0.07054673721340388
3 0.560515873015873 0.40270429159318055 0.07164902998236333 0.08671369782480892
0 0.5597810111699 0.4019694297472075 0.06356554967666084 0.07348618459729578
3 0.6046075837742504 0.4758230452674897 0.12088477366255146 0.10655496766607875
3 0.6442901234567902 0.38672104644326866 0.10471781305114625 0.08634626690182245
