2 0.6813379145696219 0.3716205316815072 0.05363595302619706 0.05202284165698795
2 0.6373806297586785 0.4815137437088656 0.06250806555684596 0.059685120660730395
0 0.6133855981416957 0.39339753516582776 0.03548845012259649 0.0818654019873532
0 0.5575316169828364 0.3669828364950316 0.061701509872241656 0.06855723319137946
0 0.5875758162343527 0.3903729513485611 0.05081300813008127 0.06775067750677505
0 0.5765603566529491 0.47413898687046835 0.05144032921810704 0.09522584754066232
0 0.6168246619635508 0.4761292377033117 0.05787037037037046 0.07164902998236333
3 0.5840620713305897 0.35594870664315104 0.13013178522437785 0.1601386439349402
3 0.646066039584558 0.39085464432686656 0.10594258279443469 0.09093915343915343
3 0.6097822359396433 0.4793442582794435 0.12033362727807173 0.10808592984518911
