2 0.675237828015606 0.36893404948960495 0.05043824488268933 0.04977018865907762
2 0.6268037518037519 0.47682512960290735 0.060459088236865965 0.05511463844797171
2 0.4703115814226926 0.35139757361979584 0.04208754208754212 0.043423654534765654
0 0.6062610229276896 0.3874726096948319 0.03407086740420073 0.0748222970445192
0 0.5633384105606327 0.4706456095344984 0.037745176634065514 0.08684730906953125
0 0.6092672759339426 0.47181470792581903 0.0587889476778366 0.06914381914381917
0 0.4704785954785955 0.3801239912351024 0.06045908823686591 0.030730586286141892
3 0.6408329324995992 0.3878066378066378 0.10588691144246709 0.08818342151675479
3 0.601918657474213 0.47515498904387793 0.11757789535567309 0.10655496766607875
3 0.47131366575811023 0.3587461920795254 0.06480145369034263 0.0761584094917428
