2 0.5279982363315696 0.3478835978835979 0.04365079365079361 0.04673721340388004
2 0.6843033509700176 0.3736772486772487 0.052028218694885386 0.05158730158730157
2 0.6404320987654321 0.48236331569664903 0.061287477954144576 0.0564373897707231
0 0.621031746031746 0.47619047619047616 0.062169312169312096 0.07054673721340388
0 0.5833333333333333 0.47310405643738973 0.061728395061728336 0.09788359788359785
0 0.6148589065255732 0.3919753086419753 0.03395061728395066 0.0731922398589065
0 0.5211640211640212 0.376984126984127 0.05467372134038806 0.0379188712522045
3 0.52336860670194 0.359347442680776 0.06261022927689591 0.07495590828924159
3 0.6496913580246914 0.38668430335097004 0.10449735449735442 0.09347442680776019
3 0.6108906525573192 0.48037918871252205 0.12037037037037035 0.10802469135802473
