2 0.2812926358523843 0.37763926325247077 0.046795447738843976 0.03369272237196769
0 0.4313791063066802 0.3164689540576296 0.10404801994090368 0.07420026211346231
3 0.39866591619237124 0.31817095309158805 0.2521208705071139 0.13611094960301312
2 0.32983112646325086 0.46499763549634016 0.11102886750555147 0.16410169421827459
5 0.4340063601721633 0.4606926967678263 0.09081064780546638 0.11077185623817742
0 0.4446294925569537 0.469302574224854 0.06922170134605365 0.07016407599309143
0 0.3991384982317625 0.47444279957233326 0.021074923924664868 0.06707994078460394
5 0.49063450941689285 0.3311590180113496 0.05568577459769164 0.02415905913315236
4 0.5259307234695836 0.4474566164980673 0.14306960550483866 0.2300250842996957
5 0.597122844532171 0.41224607286783455 0.0685363379663898 0.060911670367628956
6 0.597122844532171 0.41976365243852287 0.0685363379663898 0.04639053376100005
