3 0.4924022454510259 0.5355529745773648 0.09114079236030459 0.09033423667570012
3 0.3633533359143115 0.4177958446251129 0.08872112530649118 0.09517357078332683
3 0.4710285198090076 0.39259097948122335 0.18873403019744478 0.2576945412311266
2 0.35750580720092917 0.4071089818041037 0.04476384049554777 0.047183507549361126
2 0.5103481094334752 0.5460381984772228 0.04557039618015224 0.05000645244547686
0 0.4714317976513098 0.5270841398890179 0.0459736740224545 0.07259001161440187
0 0.37020905923344943 0.4270712349980642 0.06936378887598404 0.07339656729900629
0 0.5145825267776487 0.3113304942573235 0.04597367402245456 0.054039230868499155
0 0.47586785391663433 0.4436056265324558 0.06452445476835722 0.08710801393728218
0 0.4230384565750419 0.414569621886695 0.06452445476835722 0.09275390372951348
