3 0.5556610942249239 0.3539063379488911 0.183989080265676 0.26455026455026454
0 0.5143251153889452 0.38222588089609366 0.07317347742879654 0.0904114600923111
0 0.5655113700326466 0.4082587526736463 0.05874985928177423 0.09041146009231116
0 0.5999873353596757 0.2689477091072836 0.04819599234492844 0.05382472137791289
3 0.6028016998761679 0.47562760328717774 0.1185551052572329 0.10905662501407176
0 0.5699088145896656 0.47545170550489696 0.05347292581335128 0.10870482944951021
0 0.6066714510863447 0.4712301587301587 0.05523190363615904 0.07071090847686584
2 0.6267237982663514 0.47527580772261613 0.05874985928177423 0.05417651694247433
3 0.6416751097602162 0.3852161431948665 0.11327817178881061 0.08794889114038051
0 0.6131796690307328 0.3876787121467973 0.0499549701677362 0.0703591129123044
2 0.6726331194416302 0.36832995609591357 0.04995497016773631 0.049954970167736146
