3 0.4888143529016545 0.5046926177878559 0.09054547745023933 0.08975812547241119
0 0.4808153132428495 0.49890729238555326 0.0702112568054597 0.0723679165708152
2 0.5131652097231807 0.5428791887125219 0.05870907139023085 0.0289950924008896
3 0.5046583850931676 0.45924871558929525 0.05751092707614447 0.05439575185952
2 0.4951930450118855 0.46835461237635145 0.03762173146231118 0.03618395828540755
0 0.5053772716816195 0.43720286021010657 0.027796948086803053 0.010304041101142525
0 0.5287410858063031 0.4618846330802852 0.009824783375507962 0.028036576949620362
3 0.5867312706080822 0.4785388390460854 0.08602676175139945 0.13994325588528483
0 0.5846944252741354 0.4909995399125833 0.07668123610152588 0.0814738133578713
2 0.5747498274672187 0.5474321371060501 0.0611053600184035 0.022285484242005937
