3 0.48723964894599814 0.5044301671285798 0.08897077349458299 0.08923322415385909
0 0.48212186109011507 0.4990499286134207 0.07086167800453513 0.07059922734525909
2 0.5132222642143277 0.5434040900310741 0.05747669438145625 0.028607121861090157
3 0.504823843117494 0.45876375241454603 0.05852649701856055 0.05353993449231542
2 0.4938009154278996 0.46808075081884604 0.038055345595028156 0.03490593768371547
0 0.5060048710842362 0.4373740236835475 0.027819769883261958 0.01076047703031835
0 0.5279195011337868 0.4613882590073066 0.009185773074662062 0.02572016460905352
3 0.5792286050222559 0.4609945830183926 0.11127907953304772 0.1257138657932308
0 0.5636127907953304 0.48094083312337277 0.07217393130091532 0.0747984378936759
2 0.6255511463844797 0.41440959099689256 0.03175652977240273 0.05668934240362816
