3 0.552104899930987 0.46799516908212546 0.11645962732919257 0.22333410014569427
0 0.58253776550878 0.39706502568821406 0.03738210259949393 0.035465071696955675
0 0.5368884671420904 0.5175983436853002 0.06733571045165243 0.08770416379112028
3 0.4983082202285101 0.46260351966873714 0.05870907139023085 0.05535426731078902
0 0.4987874779541446 0.44043784985813966 0.026119546047082276 0.011022927689594342
0 0.5202342611762901 0.46152518978605933 0.010064412238325326 0.024442144007361333
3 0.46356203512000616 0.5149624261943102 0.06158461774403806 0.10064412238325282
0 0.4624837052373284 0.5068150448585231 0.05607315389924089 0.07332643202208422
2 0.47422551951537456 0.5570172916187408 0.051280576642895426 0.04001802009048394
2 0.5946021571021571 0.36502849002849 0.031070120355834674 0.01816966102680384
2 0.4867311507936508 0.4720756673881674 0.03588714526214526 0.03626292688792693
