3 0.48697719828672204 0.5046926177878559 0.08897077349458299 0.088708322835307
0 0.4809408331233728 0.4982625766355925 0.07322373393801962 0.07164902998236333
2 0.5123036869068615 0.5437977660199882 0.05773914504073224 0.02886957252036615
3 0.5056111950953222 0.459026203073822 0.057476694381456306 0.05458973712941967
2 0.4945882674057277 0.4682119761484841 0.03595574032081972 0.035693289661543615
0 0.5061360964138741 0.4373740236835475 0.027557319223985854 0.009710674393214047
0 0.528706853111615 0.4609945830183926 0.009185773074662062 0.025982615268329512
3 0.5750293944738389 0.4599447803812883 0.09973125052490128 0.10996682623666754
0 0.566499748047367 0.4608633576887545 0.06902452338960274 0.07873519778281685
0 0.5881519274376417 0.47687284790459394 0.05039052658100285 0.05668934240362816
2 0.6158404719912656 0.4125724363819602 0.036480641639371814 0.03674309229864786
