3 0.46559094572339604 0.5149751217632013 0.06788955464452151 0.10183433196678232
0 0.46263446511790884 0.5068721749185325 0.05803461929289738 0.0733645187287571
2 0.4778548652720838 0.5575703423385543 0.05387364658887839 0.03854374715301867
3 0.4971267388485931 0.46230596727285467 0.0560636322225726 0.05518763796909493
0 0.4976742352570167 0.4395301166824346 0.027812817547916924 0.01051193104173237
0 0.5202310872840674 0.4630724622446477 0.009416938224885207 0.028250814674655733
2 0.48716230421528434 0.4718324047794246 0.036572760082693834 0.03613476295595508
3 0.567534776971863 0.5149751217632013 0.07599250148919023 0.07205052734854056
0 0.5754187252531624 0.4906662812291951 0.043142716983776586 0.024308840534006115
0 0.5342469953397107 0.5143181260730929 0.009854935351624072 0.01598689512596796
2 0.5461824170433442 0.5341374960580259 0.03635376151932446 0.03547776726584684
