3 0.4673721340388007 0.5142983119173595 0.06613756613756616 0.10015117157974296
0 0.46406525573192237 0.5064247921390779 0.05574452003023428 0.07180650037792896
2 0.47634794658604185 0.5566578483245149 0.05322499370118422 0.04125724363819594
3 0.49823633156966485 0.4623330813807004 0.05668934240362805 0.05605946082136565
0 0.49130763416477696 0.43965734441924914 0.0434618291761148 0.0113378684807256
0 0.5205971277399848 0.4631204333585286 0.010707986898463084 0.029919375157470396
2 0.4870559334845049 0.4731985386747291 0.03621819098009571 0.035588309397833195
3 0.5739795918367346 0.48170194003527333 0.11495338876291261 0.21573444192491809
0 0.5909247757073843 0.524188137412775 0.04505022620964649 0.06781496817728705
0 0.5408423433785752 0.5042989417989417 0.03594432942259018 0.08650601947703396
