3 0.48907680356093053 0.5044301671285798 0.09002057613168724 0.08923322415385909
0 0.4809408331233727 0.49839380196523053 0.07059922734525903 0.07033677668598304
2 0.5136159402032419 0.5436665406903503 0.0587889476778366 0.028607121861090157
3 0.5056111950953222 0.45981355505165034 0.05747669438145625 0.05458973712941967
2 0.49524439405391785 0.46847442680776014 0.036743092298647806 0.03621819098009571
0 0.5069234483917023 0.43724279835390945 0.02755731922398591 0.010498026371042246
0 0.528838078441253 0.4604696816998404 0.009448223733938055 0.024932812631225265
3 0.5846088435374149 0.50508629377677 0.0580015957000084 0.05222768119593524
0 0.5835590409003107 0.48684597295708404 0.04960317460317465 0.015747039556563425
0 0.6074420508944318 0.5113851095993953 0.012335180985974747 0.02493281263122543
