5 0.6832062251984127 0.42172386532738093 0.2038380456349207 0.1544286334325397
3 0.6315362516534391 0.4448784722222222 0.09533110119047616 0.10618179563492064
5 0.6247066478921317 0.5834373399897593 0.11547405700631497 0.17321108550947262
2 0.6419046597618027 0.6771599405527977 0.05375273232416089 0.026525249739535406
5 0.6377399606566273 0.7118532509157509 0.06677350427350426 0.051828958078958154
2 0.7581471515546858 0.7368704473798652 0.060361854026237616 0.046120759947814616
6 0.7333455642530986 0.7170376712328768 0.08844766978328622 0.0698181669928245
5 0.8929904847243557 0.5785370263696876 0.16774406895374638 0.12300787250384015
3 0.8311198583376003 0.5733366935483871 0.2077466291175969 0.14740943420378905
6 0.5840234644582469 0.7881513112491372 0.289855072463768 0.19302104899930994
6 0.501818783068783 0.6096540178571429 0.18601190476190477 0.24150545634920634
