5 0.6890305286322984 0.41295740272510184 0.20397293627382118 0.1529797022053659
0 0.6403052863229853 0.43380829470431237 0.10184014608793368 0.11127791824694477
5 0.6820436507936507 0.5535677812791783 0.14832321817615934 0.08042279411764719
2 0.7016993305258611 0.546773769031422 0.055339596155922655 0.02733236151603502
6 0.49703994063750156 0.6096048683701123 0.1891373080397471 0.24045441347270613
6 0.5738643695960768 0.7820061459543166 0.29277971351142085 0.18601190476190477
2 0.7534404080813295 0.7380723856841742 0.06072647366685302 0.04612154256463197
6 0.728157424585996 0.7177965883323025 0.08918550585217244 0.06968065003779278
5 0.8906263122532964 0.5833293965734442 0.16508146468463925 0.12223639455782309
3 0.8298689846308893 0.5771289997480473 0.20576131687242794 0.1460537918871253
