3 0.7955529802874934 0.5793255724118556 0.19226717235566793 0.19029182469447958
5 0.7937351527912753 0.6795761459345644 0.14189207429003348 0.031001984126984072
2 0.7046885783298826 0.6727430555555555 0.046128556092324136 0.03261947895100059
6 0.7432960557960557 0.734352453102453 0.1034151034151034 0.10597041847041855
5 0.6555479659987857 0.5771451340098881 0.10273007199236706 0.16873211033047103
2 0.6503688963366383 0.6698246869617838 0.04625750593492517 0.023201484895033264
5 0.644986733696411 0.7023722245496439 0.04460891557665747 0.048439463762044443
5 0.5224124606147078 0.6341124933119315 0.21327507282563457 0.25275325485999645
0 0.5151768309663046 0.5824293807435255 0.19058061821219713 0.0996958542188805
5 0.5949578513137835 0.7761005178907723 0.26847367949062867 0.18433044121603437
6 0.42707581770081765 0.7172731782106783 0.17022907647907648 0.2485795454545453
