3 0.8093072528913235 0.5757041016996769 0.19109659596385264 0.19007234162101422
5 0.8081534167339253 0.6754754338175949 0.1411028158909513 0.030581618240516528
2 0.7676681783824642 0.7231721517435803 0.05937059508488085 0.044815223386652
6 0.7418132418132418 0.7045949010234724 0.08911973197687484 0.06722283507997806
5 0.5368165784832453 0.629133597883598 0.21310993533215755 0.25242504409171085
0 0.5302731809824008 0.5777362659011596 0.1899696048632219 0.09903045142406852
5 0.6666612455546881 0.5730793000260214 0.09947740480527367 0.16629260994015094
2 0.6656558407444932 0.664761693684566 0.04819599234492844 0.022954660587639286
5 0.662841476228001 0.697346757852077 0.04420897594656459 0.0499549701677362
6 0.6013007054673721 0.7822145061728395 0.28402410346854795 0.18821649029982357
6 0.4296900516036318 0.7108257397609249 0.17350904696583702 0.24770968058005094
