5 0.6960539869831903 0.43358881163084695 0.20572880086154421 0.15078487147071207
0 0.6371319829908786 0.45175406563443365 0.08257051968708395 0.11107459343655662
5 0.6341597602659549 0.593921196797303 0.11354591000608694 0.17383059418457647
2 0.648694623800556 0.687928773204197 0.05394695543000627 0.026272867904223896
5 0.6440025688214095 0.7226906966490301 0.06653694757559492 0.051340483858599906
5 0.8084841160972847 0.6994455875628715 0.14479500076207896 0.032660526487686914
3 0.8079045794563037 0.5975899698960044 0.19670224411603732 0.19499178981937604
2 0.7655552455357142 0.7488916790674603 0.06058304398148151 0.04630921378968256
6 0.7403015459656085 0.7282075427827381 0.09119750330687837 0.0706263950892857
6 0.5926354595336076 0.7985881466784244 0.2979252400548697 0.1917530129335685
6 0.5112801293356849 0.6183862433862434 0.1826131687242798 0.2425044091710758
