2 0.446982796843132 0.5031673982442139 0.1472392184682687 0.11153786468032273
5 0.45974721960981696 0.4203714391407414 0.08630889933018338 0.068706875798553
6 0.546515674170903 0.3470965932669364 0.10075172044126296 0.07498022357090983
6 0.6165815091468687 0.34098129992737836 0.015669848186187996 0.06321973233737943
4 0.6175205426643711 0.2553921899665885 0.1723884601761171 0.17930162657542364
5 0.6907778220539726 0.3444203692634655 0.0482887250669678 0.03299960151424586
5 0.6589213376322751 0.48096671937003965 0.04340277777777779 0.012691437251984128
1 0.660476567060197 0.4260047732022821 0.0564028695701293 0.09804129243631021
5 0.5637886597938144 0.39887088856161024 0.13892298041782575 0.246481754213713
6 0.6125395461735669 0.2422629275077729 0.15971881306932856 0.15059932907871054
