2 0.4043318077060408 0.3512543821209465 0.1136105430583958 0.12309499464407436
5 0.43151718765215696 0.435853661505502 0.09454020190216511 0.07379613399552043
1 0.6112535472745815 0.42319584593357595 0.06088629007121549 0.10143113095567086
5 0.6177733856305285 0.4779811699454557 0.04251700680272097 0.01311898633327202
6 0.49260173927727113 0.34827760891590676 0.08742119779353819 0.07809861533265788
6 0.5650375229456862 0.338237973760933 0.03363117733866039 0.06352243278263686
5 0.6540270429159318 0.34989690320572675 0.04841442749939484 0.03485190372445274
4 0.5770826849258222 0.26187558356676005 0.17723138638171315 0.1775015561780268
6 0.5711389494069232 0.24842112771034341 0.1653439153439153 0.1502684407096172
5 0.5247778123595117 0.39796010996991393 0.1595082477435419 0.24866428052702566
