1 0.41319107007882516 0.358673975542598 0.07356117049994604 0.10236981697440883
5 0.3959818054205809 0.4116304259799158 0.042517006802721136 0.0187277291869129
5 0.43984855847100746 0.42118409863945583 0.08840837922470574 0.07124129413670227
2 0.4216269841269842 0.5037506073858116 0.14779721412374475 0.11110098801425339
5 0.6650031044163697 0.34228721250404925 0.04740983695065326 0.03290006478781993
5 0.5396510456034265 0.3974159108087679 0.14329805996472655 0.2473072562358276
6 0.5219034162486543 0.3455312049062049 0.10194776563824176 0.07598304473304468
6 0.5916305916305915 0.33961264430014426 0.016534391534391513 0.0634695165945166
4 0.5914351851851852 0.25396825396825395 0.17228835978835977 0.17857142857142858
6 0.5857308201058201 0.24032738095238096 0.16087962962962954 0.1500496031746032
