4 0.350146672425584 0.4694586167800454 0.2157344419249181 0.14999055177626608
5 0.4534022603750495 0.5385487528344671 0.04476658388223015 0.034755965878414896
6 0.336986646510456 0.46144449843429436 0.18671489759925128 0.13295000539898494
2 0.3962630025555196 0.35776711478242096 0.11495338876291256 0.12299562682215742
5 0.42584494115106364 0.440354713313897 0.09268257567577293 0.07153655112838792
5 0.5145907569376957 0.40273053665910813 0.14554763704423573 0.24767843645394672
6 0.4860211280279308 0.3515245383867833 0.08345930964978587 0.07507963502861464
6 0.5596091483188257 0.34442204301075263 0.030081925243215513 0.06416410650281618
1 0.5983423386015867 0.4295689886388795 0.05890633354247676 0.09923779727448617
5 0.601162182044535 0.4844930396400984 0.042264380499674514 0.011406077582548135
