5 0.6608398318611604 0.6730509911804889 0.050212979120042855 0.03918444133326704
6 0.6374148058470093 0.6511467581382836 0.08939781185543894 0.07188256658595638
4 0.5606980315666756 0.5837831248318537 0.11223769168684428 0.21018294323379072
5 0.5884547551214218 0.47258152726902725 0.042183896350562966 0.022257834757834716
6 0.5681925547996975 0.568797831632653 0.09282879818594114 0.07024163832199537
5 0.7137530627463513 0.5638615904974965 0.06791307126877599 0.04810509214871628
4 0.674137104506232 0.5649435389368276 0.1285021838713114 0.07190795781399817
0 0.6343321226795804 0.5468960182943234 0.043157564344005084 0.03047652676889967
0 0.6285871222311901 0.5875664178100619 0.02354048964218447 0.013872074253430178
5 0.4923691939336752 0.49846547231308924 0.043326592797018726 0.023498888877049484
6 0.46995067655366657 0.6031501375147554 0.11245498994668435 0.18585915284420262
2 0.4138988568494382 0.5417739997136799 0.041529718128555326 0.019963650959290535
0 0.39828861731516596 0.621082227138643 0.06818607482324296 0.07758726647000969
3 0.3989820565907522 0.6085098476402824 0.07376882376882377 0.12989727663640704
