2 0.4056225410392077 0.552312271062271 0.04154795821462487 0.020509004884004867
3 0.3917041251112047 0.6190520087090883 0.07374631268436571 0.13103139485882842
0 0.39243573535608933 0.6316722854333474 0.07081987170482745 0.07813597415367324
6 0.4655967598445474 0.6136746734091867 0.11764292737744064 0.18743854473942967
5 0.4914957625134616 0.5114504319426885 0.04477454698693634 0.02842305801376599
5 0.7066623355340169 0.5787768647281921 0.0680397527742661 0.04828627616238246
4 0.6657653228449688 0.5771307416772018 0.12993397949150176 0.0722099311701081
0 0.6297700987966474 0.5580357142857142 0.04916420845624381 0.031605562579014035
0 0.6255511463844797 0.5995908990700658 0.04075142964031864 0.020480098605098584
5 0.6587451899951899 0.6859893578643579 0.05035473785473776 0.03908128908128916
6 0.6394968200523756 0.6620645943562611 0.0838410560632783 0.0730268959435626
5 0.5774547029043431 0.6811961145369418 0.05364755814396094 0.04255524152106882
4 0.5610339056082461 0.6564081906932626 0.10885221466756234 0.09195266052280437
6 0.553380761714095 0.6435006435006434 0.08371466704800024 0.048039110539110585
