5 0.47889488678962355 0.4950778388278388 0.043377674956622314 0.023797474455369172
2 0.4001054987897093 0.5388571589229483 0.04163721268984433 0.02058431334747135
0 0.3842967599410898 0.6182498772704959 0.06903534609720169 0.07824005891016195
3 0.38506054131054135 0.605890059015059 0.07482872066205398 0.1310032560032559
6 0.4543538649721446 0.7124814962516576 0.21723099680088925 0.07073273202305463
5 0.5695031148660181 0.731496815796211 0.0306686294589521 0.03350214413722474
4 0.5013911694946178 0.6013957307060755 0.14390622149242832 0.22885878489326766
0 0.5015051997810619 0.646466201423098 0.12497719394271117 0.0856937602627258
6 0.44847214791035017 0.5987214642411272 0.09957790856667265 0.18475789192081327
5 0.547440724488506 0.4829114524080394 0.05586705672029901 0.024378352023403216
5 0.595633114831067 0.4720766292865269 0.04322642974520108 0.02454764613467686
4 0.5804834472369194 0.5828502190806878 0.07704567166372722 0.21001260747354505
6 0.5909939733469145 0.570635451150157 0.04739269445151795 0.0672428062133944
