2 0.3995000778089013 0.5438112745098038 0.042308590102707766 0.020789565826330514
0 0.3840598739495798 0.6235046101774042 0.07124377528789294 0.07878151260504196
6 0.4542094615624027 0.7167841094771241 0.21737861811391218 0.06510416666666674
5 0.5708012371615312 0.7292760854341737 0.02893518518518523 0.03319035947712412
6 0.5632161056513001 0.5719680615890423 0.09935471363686721 0.0749147646346674
5 0.48385275519421866 0.5011130468447542 0.04436056265324567 0.02443863724351525
5 0.5945928506904117 0.4767349012775842 0.04387662924248292 0.024559620596206033
3 0.3840345006886642 0.6109668538166287 0.07593168133303169 0.13143290783013217
6 0.4566718286230481 0.6046747967479675 0.11904761904761901 0.1911536972512582
4 0.55273261065944 0.5871927022841658 0.12695186475674275 0.2113579171506001
0 0.6388727577751969 0.6793215253581107 0.13243644341205318 0.09073751451800227
5 0.7355481986802213 0.5419425494917067 0.054712115807621475 0.03218632958801504
4 0.6553194598252738 0.6421736572535991 0.1966823551125877 0.20634343853820591
