4 0.6305849500293945 0.47766019988242214 0.10567313345091123 0.10464432686654918
5 0.6247795414462081 0.47677836566725457 0.054379776601998775 0.052616108171663734
6 0.6335454974068835 0.4787606736864163 0.14046047461889055 0.13767745822201266
4 0.533707635100824 0.45671777482923 0.06142808000393152 0.06286140187068978
6 0.5524943895686929 0.45656420462922015 0.040440152669254714 0.06316854227070945
4 0.4443752809765882 0.48835892381644014 0.08040253138292358 0.08213161807933045
6 0.4636654044333783 0.48652176920150775 0.09477556454680636 0.08450911228689006
0 0.46809618909292106 0.4671235778261922 0.02237005913476503 0.02107324411245981
5 0.4327199188631059 0.48533976074391777 0.05575106614367581 0.05284895585126537
5 0.5294714930131597 0.45612662800162795 0.04059405101071767 0.041229989146655766
