4 0.7231729497354498 0.4253472222222222 0.23933531746031744 0.33895502645502645
6 0.7029478458049886 0.39225875535399346 0.17006802721088432 0.13699924414210124
5 0.623488909912751 0.2610462875363537 0.038981744279757535 0.03328778163215246
4 0.5331287378029588 0.45851319753586034 0.061266243985790614 0.06210935743513646
6 0.5551433667580976 0.4592626317130566 0.04571548480896925 0.06398294287812695
4 0.44288176188807105 0.4887294910954217 0.08084639393787657 0.08220252699747965
6 0.4562866155926093 0.4873211990719877 0.10744746549162959 0.08501911104434762
0 0.4670313621417722 0.46750079281625023 0.022741308230267265 0.02117653931534058
5 0.43144774688398846 0.48615549873939146 0.05548453535030712 0.052599339512091225
5 0.5291005291005291 0.45818975524518246 0.04032405879980938 0.04116414335813873
