4 0.5874195069931504 0.5790882244370616 0.30274599073048686 0.20046347565727407
6 0.5410636476812948 0.6022408963585434 0.11146125116713357 0.15639589169000923
5 0.43459214354048303 0.6532609968956833 0.03258068294968669 0.04039028485522944
4 0.4439591493162922 0.4885161135161135 0.08052463409606264 0.08245722531436817
6 0.45732623857623855 0.4873350855493713 0.10704408025836604 0.08546347832062123
0 0.4678481240981241 0.46704287775716347 0.022654263725692236 0.021473235758949993
4 0.5338006607042141 0.456458316547149 0.0627803292777912 0.06252853651330814
6 0.5546574946955658 0.4562484892434131 0.045406628528455895 0.06361963849273494
5 0.43287266151007486 0.485683431699598 0.05514009555579996 0.05261984188081181
5 0.5289582977755021 0.45581583888035493 0.040393696307674865 0.04117596859532341
