4 0.6111819727891156 0.44362363000755856 0.09566326530612246 0.24772061602418743
6 0.6048459173459173 0.41872229372229375 0.08133133133133141 0.05630630630630634
5 0.5919517565480298 0.3142561372375037 0.036560517926977454 0.025469124848006786
4 0.5379434348793681 0.4593244756893782 0.07350665428659864 0.06401895329471935
6 0.5537409175988564 0.4596468732958984 0.041911688847621975 0.06337415808167901
6 0.45919996351030834 0.48690932311621965 0.10125889436234264 0.08438241196861884
4 0.4416963145411421 0.4883917168399927 0.07788268564130635 0.08164568509396103
0 0.4669454995125493 0.46742051052395883 0.022806057288815906 0.02135476273407305
5 0.43144774688398846 0.48582259152728946 0.05548453535030712 0.05237740137068986
5 0.5271585703632684 0.45824677745818687 0.040503710805724125 0.04116952522992795
