3 0.4682398964313858 0.5861353850050659 0.2385173927727119 0.2018427051671733
5 0.5409169593728348 0.5051650168597249 0.12265446794610707 0.0706408433319356
5 0.657052944634644 0.5590083255524432 0.10893246187363836 0.0815372445274406
5 0.6613756613756614 0.6156629318394025 0.047117612477089565 0.035338209357817285
5 0.5646548742953972 0.7961633727565101 0.038256043158003905 0.020262734723519027
4 0.538430131672961 0.6884522675389777 0.26225499329510765 0.17159852951421783
6 0.5023386788850707 0.7056307273768614 0.1435253368243059 0.10368086237931595
4 0.631971717667594 0.726724860906562 0.18358288332515138 0.17961974308623796
6 0.610995179917694 0.736616215602747 0.09901539665423931 0.06286587908636454
6 0.6574966252385608 0.7870321882418656 0.11617713230616455 0.08145975887911372
5 0.6751308116777325 0.7760876861408386 0.15532454132160867 0.10363969079145019
