4 0.6591710758377425 0.44312169312169314 0.1499118165784833 0.324808935920047
6 0.6466234198270127 0.3884096885593892 0.12692868231790388 0.1221762823559231
5 0.6423190745224644 0.2768342898992616 0.03568439302902582 0.02326024571787283
4 0.443820798267107 0.4884858492241043 0.08023063811654418 0.08211711231845459
6 0.45719257128653107 0.48654389048684354 0.10675224601399103 0.08400358652036505
0 0.4675126948616881 0.46690236497283477 0.022859628564326495 0.021195092503817348
4 0.5334229715574894 0.4560386619396771 0.0628642601992856 0.06319998388526299
6 0.5540699782451052 0.4561645583219187 0.045742352214433346 0.06361963849273494
5 0.4324121075390111 0.4855403808449493 0.05505868450030893 0.052372895012488874
5 0.5287648054145516 0.45574490371444687 0.04028684231729929 0.04095828968925419
