3 0.43225623582766437 0.5669918430335097 0.24670361971949273 0.21238819601914843
5 0.505217519106408 0.47959577349458304 0.13175023095658012 0.07223954396573445
5 0.5179463760812967 0.6477938397581255 0.1330624842529604 0.1263699924414209
6 0.5043796958479498 0.6626626790317267 0.10540422246771453 0.09626892067368253
5 0.5921601064221165 0.5306882353130885 0.12848121057665918 0.1334020360145744
5 0.6370802289169637 0.5723345885973437 0.05601446927977538 0.024042355037252938
4 0.5982325072886296 0.6904711289277616 0.13792651981427484 0.23014860706187246
6 0.5970335177903985 0.7302106087083151 0.1289876705014319 0.08819899519440799
4 0.7317747213709466 0.5685046392474069 0.15062053080308035 0.1999512869813767
5 0.6823939556990404 0.4889555869428751 0.04465219860700087 0.016674513496547416
6 0.7143417630705766 0.5548829701372074 0.10593220338983045 0.07034122500224194
