4 0.5908943144112635 0.5833277284548471 0.3332100260066361 0.21718904134158373
6 0.5649717514124294 0.6022441933458883 0.12106537530266337 0.16254147610079817
5 0.4246515679442509 0.6587946831849272 0.026293715318105537 0.03806942831333082
4 0.5336318200749688 0.45852808243478793 0.06131704382433245 0.06324525274962595
6 0.556288274947167 0.4590101346661113 0.04357752171163254 0.0640165363197433
4 0.44344402422019746 0.4883316142341413 0.080344010849426 0.08225412106278535
6 0.4578295417645598 0.4866005768532844 0.10457853418142221 0.0840448493878096
0 0.4670965608465608 0.4668790030632136 0.022408451684767405 0.021320662768031184
5 0.4320684270990081 0.48561558500396423 0.05511463844797182 0.05278869957769039
5 0.529482626383887 0.4578220176959673 0.04022442310257446 0.04112756213596547
