5 0.651531930601698 0.5533061092654117 0.10643533899347857 0.08132613510520492
5 0.5627209077610977 0.7379730389926316 0.06682996498487914 0.05451211978659909
6 0.5325628589517479 0.6744653880070548 0.0945428028761362 0.05182895807895804
4 0.5456349206349207 0.6996877330350485 0.12140016334647213 0.10403350378182585
3 0.4695121811918012 0.6002138333744551 0.2031337098262832 0.15479274611398963
5 0.4698071689140684 0.6089039622922907 0.1562439948723014 0.119341767828269
4 0.6373896803094798 0.7197924256194933 0.2039806707726508 0.17933194624923954
5 0.5618459622788627 0.788118056786888 0.036903933007829126 0.024183668664188085
6 0.6362780037022462 0.7338673531855351 0.08408398559913721 0.0758395644759281
5 0.6724391873436669 0.7755588498724438 0.15296441103423986 0.10442676441758869
6 0.6542894935752078 0.78656462585034 0.11666502349732166 0.08241521246179628
