3 0.46049467913780495 0.6078615433576531 0.20578079422983664 0.15675298704753204
5 0.4587077886710239 0.6173953956582632 0.15780617802676628 0.12054300887021474
5 0.6453055220796329 0.5580577676807157 0.10751765176354777 0.08174345319523169
5 0.6424572412944506 0.609484588409007 0.04891103728313029 0.0308001107419712
4 0.5279293167684322 0.6889325603584087 0.2502813935333951 0.1853125182804939
6 0.49675456096221127 0.7172131147540983 0.1449243935582734 0.08971940324399341
6 0.6032374732718826 0.7339417782194596 0.10109726266778807 0.07303144437369258
5 0.5450062365461605 0.7862008871989861 0.03684088760134396 0.026781942181181684
4 0.6225839972051721 0.7251858784543848 0.210102510675659 0.1667294562000482
5 0.6637806637806637 0.7730767496392495 0.155122655122655 0.10495580808080818
6 0.6452170514670514 0.7842938311688311 0.11799543049543049 0.08252164502164505
