5 0.402299621049621 0.519182271176952 0.04893286143286152 0.04798966900030727
5 0.36067393058918484 0.30812819478073716 0.054367321316473816 0.05576854093803241
6 0.39276185992287693 0.38757734732311006 0.12134561922697512 0.08519415299076316
4 0.38562467997951866 0.3682013426637082 0.1532542527166183 0.18383398759742847
5 0.5283420707732635 0.3393848195071436 0.04702441629047138 0.05238418846981535
4 0.5265900717471398 0.3754432255741156 0.08951078977256982 0.12829302750768717
6 0.5244258843735283 0.3999418266433973 0.08552868500512478 0.07964209534890154
5 0.402299621049621 0.5189341126841127 0.04893286143286152 0.04848598598598591
6 0.4268364499528883 0.5476734072624483 0.06636406465173589 0.06296658693918966
4 0.4161910197869102 0.5357822352685366 0.10033884177719798 0.101244835833877
