4 0.6051074607276157 0.5852405561707887 0.32581723473196333 0.21686969361387964
6 0.6568043884220355 0.5516651104886399 0.16748366013071903 0.14122315592903834
5 0.7682245737801293 0.4890505584950029 0.040858318636096236 0.04423868312757201
4 0.4444017750469363 0.48819124423963134 0.08000512032770102 0.08224526369687651
6 0.4646697388632872 0.48648446833930703 0.09301928656767372 0.08459208055982254
4 0.5338762392767247 0.45646157600041093 0.060920403760209685 0.06356911696717521
6 0.5569120177736682 0.4563411799455489 0.041978091128576644 0.06348885293060053
0 0.4684744268077601 0.4662698412698413 0.023620559334845026 0.020471151423532397
5 0.4329996239894717 0.4852046571589719 0.0552265463432976 0.05270861869846638
5 0.5296695903770473 0.4562290711908302 0.04046657966352041 0.041162099001487096
