3 0.45917170478060404 0.5830445535144013 0.23635344185695473 0.20043769494881913
4 0.5364190302714893 0.6812304839968775 0.25587648538468216 0.17157819411917774
5 0.6552064665718922 0.6065856770913731 0.04783595335368973 0.038958499642022804
6 0.5030378441395391 0.7020110304008609 0.14255074283322877 0.10312976414671327
5 0.6365273667533554 0.7025014572684064 0.12965952231488953 0.11868330194601384
6 0.6241864566129773 0.7170596929590862 0.10423038490263536 0.0878853670187838
5 0.5312868949232585 0.5022961965433557 0.12188989461716732 0.07033094746162921
5 0.6153424122174123 0.5469736426767676 0.1240079365079364 0.12668538059163054
4 0.7459454579552618 0.5857813210754387 0.14404123472750918 0.18814790873614395
6 0.7289546872880206 0.5729166666666667 0.09954551621218288 0.06702787952787947
