4 0.4434324065196548 0.48848584922410426 0.08056354532864607 0.08167323603565213
6 0.4566932104683782 0.48693228223429563 0.10752902950889526 0.08455843187386808
0 0.4671595090376816 0.46720147449842886 0.022661348803480807 0.020898799452098993
4 0.533127640855978 0.4558380729340916 0.060096898504392704 0.060871343072748274
6 0.5394393640880759 0.4565737952740294 0.07457901193264183 0.06389167688933495
4 0.5747378902360452 0.5630234873777309 0.11128682715398586 0.0981081239383822
5 0.549539721587692 0.5752870028700288 0.04746773658212777 0.046735586403482965
6 0.585175881429704 0.5586804038638902 0.06219358283578469 0.07513793828778537
5 0.4323281766175167 0.4857502081486853 0.05539440818628638 0.05245682593398332
5 0.5285029004908522 0.45584122203098104 0.040638745458022596 0.041136769299419895
