2 0.4004367741677386 0.5397140489938714 0.041802294340365476 0.0205136269539824
0 0.3839414553700268 0.6189123376623376 0.06928697404887879 0.07826994434137291
3 0.38474638025536234 0.6063022763995818 0.07524633273136266 0.13083951145328399
6 0.4495968380698919 0.5994707014542344 0.10158254918733961 0.1828188860374489
5 0.47890330450210694 0.49848220226214246 0.044553749643570006 0.02777183727782534
5 0.5536138514009932 0.48517138757953426 0.05575921121373417 0.0258032827153844
5 0.603947568968145 0.47623130184858575 0.04354736865024922 0.025107779737409408
0 0.4998073157521976 0.646012998375203 0.12836937049535474 0.08709848768903894
4 0.5016300045827604 0.6021708223972003 0.15232470941132348 0.22790119985001883
4 0.5801214815163136 0.5845904750148907 0.08517007673525112 0.20831945489409287
5 0.6434915235935644 0.6729961329770003 0.051627793974732716 0.040872003563330095
6 0.622823534175575 0.6500926263362488 0.08891453406759531 0.07275975866537099
6 0.5924992696465089 0.5736318044600253 0.05011036452754247 0.06816632583503746
