4 0.6187062638675542 0.5636627410820959 0.2995391705069125 0.15915685270523983
0 0.5843625328919446 0.5710112327759387 0.04191070367540939 0.04951475539710837
5 0.46109617682198323 0.5758590772031632 0.026490584286283203 0.03538004210047219
4 0.5387011435398532 0.4594960744154293 0.07520481310803895 0.0636485179495932
6 0.5552799823633157 0.4594960744154293 0.0422249246173978 0.0636485179495932
6 0.45931323105236144 0.4870180141919272 0.10130771000336214 0.08416502981720375
4 0.4430757642563198 0.48831569664902996 0.08055922986478548 0.08156966490299822
0 0.4668669165196943 0.467418062904174 0.02287257495590833 0.02066798941798942
5 0.5274203599838703 0.4585334262008627 0.04047680144677834 0.04124051468162321
5 0.43104328818614535 0.486072807501379 0.054391125819697295 0.05285898143041001
