6 0.4560685487807259 0.4873069564028974 0.10774810129053675 0.08480739569300455
4 0.4428288330502353 0.4886492317304125 0.0798043694722661 0.08212284503797423
0 0.4666847263710733 0.46741687654971786 0.022818680567757987 0.02159843027001701
4 0.5330165692007798 0.45909526903678954 0.06139964107800355 0.06207648751508399
6 0.553225269965036 0.459240307559021 0.04940978990686584 0.06410702682632508
6 0.5006155377442506 0.7288228822882288 0.08774686992508779 0.07530514956257528
4 0.5191518697874631 0.7006098107793024 0.15049098735539418 0.24100977490807995
5 0.45668519933225815 0.8214144243556007 0.03766658178422888 0.029001499589734747
5 0.43166391599113313 0.4860200961118393 0.055721405109784405 0.0525864440237529
5 0.5288992408557627 0.4580457786979526 0.0404301817345295 0.04158040027605242
