6 0.4647313470842882 0.5609314432843844 0.1404096992332286 0.14430014430014426
4 0.46835653453300513 0.5686239142121494 0.09708428826075888 0.09673061143649375
5 0.4748111365758424 0.5768469003763121 0.05481990776108425 0.05623461505814442
4 0.445632798573975 0.5237953767365532 0.10398098633392755 0.08594346829640948
4 0.5472377443040708 0.408298239930893 0.1091607277831767 0.10021865889212828
5 0.5678213745815788 0.40821388079041143 0.051796512255695926 0.04909701976028508
6 0.5063235611705 0.4108290141453407 0.025982615268329623 0.08064733830039955
4 0.48240833892242346 0.33528718607943964 0.09850771294433269 0.09443233474923618
5 0.49218924659065505 0.3323762016543707 0.048904538341158044 0.05041825024219393
6 0.4602848572918996 0.34664002533720845 0.046342872047097416 0.07009650495565989
