4 0.6370541047960403 0.44717528588496325 0.16854412015702336 0.18219832735961766
5 0.5601268285091814 0.361714130096483 0.036375661375661394 0.03598661686896981
6 0.616525287577919 0.42079022342180233 0.10148233832444353 0.09050403787245886
4 0.534074663601126 0.45637684042976523 0.06061075002579175 0.06272936286863867
6 0.5569648936640581 0.4564689540316281 0.04172746164389618 0.06309781727609026
4 0.4444833488951136 0.4882508558979147 0.08061866721997446 0.08191548224227962
6 0.4605854687554034 0.4863596673237196 0.10158384341390875 0.08418490853131377
0 0.4681024875298905 0.46681760638815856 0.022451607318682953 0.02082859956070593
5 0.4328737276072302 0.48537251900196066 0.055310477264791935 0.05254075685547771
5 0.5295173625005558 0.4558420590458406 0.04043283980258772 0.04119703436930322
