4 0.583253572914243 0.47070696705057424 0.13484672905480055 0.17730620767724575
5 0.5602646558385991 0.5646115636032843 0.047784459377427146 0.02134883342125793
6 0.5805915384459446 0.46731036763364353 0.1291329643820065 0.08309957124612294
4 0.46650232774853123 0.4653004595357437 0.09745330379984829 0.0617093549552043
6 0.46832993150096774 0.44898304203079487 0.09148617138629633 0.02554470602223413
5 0.46229766946208206 0.47971651194474285 0.054263309171844576 0.03278451530010312
4 0.46860586323563397 0.3966756059614412 0.12446609745267312 0.0709938699418845
5 0.46405509635156333 0.40094351752797897 0.05765448353774005 0.032299686227537594
4 0.3447337439120709 0.4632131407866414 0.10564537904390886 0.16917781767159312
6 0.34798418017705557 0.4912911881032631 0.09676385598921633 0.04683915530705529
5 0.3531716472085856 0.5523626930807815 0.04406780220970635 0.015612204657077133
6 0.4724225926360265 0.5341871359703281 0.10996420287066866 0.08118630558602313
4 0.471923226060342 0.5493005853156563 0.09027615410594142 0.04884320597973091
5 0.4724573780129335 0.5566057561017239 0.05426219870664312 0.033581882573818
