4 0.382432765852455 0.47341475450283743 0.12656377077793318 0.07479027880582295
4 0.45114638447971783 0.5036706349206349 0.2222222222222222 0.1077380952380953
4 0.4315696649029982 0.5802579365079366 0.08994708994708994 0.06765873015873025
4 0.5212868082066394 0.5549747588908981 0.11497332172437652 0.08868922041390404
4 0.6067888861722424 0.5263273558368495 0.1309403443255307 0.08570675105485237
6 0.6011608623548921 0.5090803423359394 0.11713917186554001 0.04756722340677566
6 0.5172680078518119 0.5513799210833109 0.09092358433224723 0.033068783068783025
6 0.4598135550516502 0.5009034863945578 0.20345175107079866 0.1000921201814059
6 0.3955656336608717 0.46201814058956914 0.07747543461829176 0.03507653061224497
5 0.3659611992945326 0.48699688208616776 0.05731922398589062 0.033304988662131496
5 0.343442932728647 0.5518353174603174 0.05448475686570925 0.03047052154195007
5 0.536029226505417 0.5889491213151927 0.05731922398589073 0.0338364512471655
5 0.6296414928701924 0.5569791444230906 0.060700247546286556 0.03581215744892874
