4 0.6053443137761281 0.44946112742854233 0.1704364073590332 0.18993894889102003
6 0.6083354623361759 0.4239537919892431 0.14488359460344813 0.08900703694234585
5 0.5389456760221386 0.5489188033020966 0.0491545453147777 0.02287681790328122
6 0.4597304150442347 0.5343006206075684 0.10955275761056449 0.08003093046172749
4 0.4597026604068858 0.5484294656829869 0.08880443152743628 0.048904538341158044
5 0.4593016977119488 0.5558105933144999 0.054078392967860656 0.033988471911693074
4 0.45863638821518804 0.4064050473561859 0.1283306849404255 0.07300659755593347
5 0.4545506626091449 0.4096560106767042 0.05749743209350472 0.0325398304984435
6 0.49485254911611504 0.38840439276485794 0.054140519256798414 0.03529900332225916
4 0.3569782101823753 0.4714100124844449 0.11073853698326808 0.07673602416426689
5 0.34710141198563654 0.48938633744800464 0.0578631454860008 0.033492110050227175
6 0.3567285726122415 0.46099326195802703 0.10149971000082858 0.03711915414935557
4 0.46465306881973545 0.46693757631257626 0.09752197252197242 0.05818833943833951
6 0.46861574639352416 0.4517545533170533 0.08959661737439506 0.02639143264143262
5 0.4612729083027969 0.47955072978988733 0.055182649822829666 0.03255851898913181
