4 0.6072410403720001 0.5039889953656767 0.18396651534471375 0.12246645073615642
5 0.6263662220234991 0.5329284736194948 0.0690873636883026 0.040258914598703344
4 0.4337601692642451 0.4123373507032548 0.13092794395903623 0.0735505385809827
5 0.4262783134188147 0.41584925195944134 0.05800917133738509 0.03312767496172775
6 0.4669511985287458 0.3964790059412965 0.06207324643078832 0.04031989890928439
4 0.5619254157660346 0.4067232779962138 0.12519618788731934 0.07190184942478517
6 0.5404254548090165 0.38807689171559034 0.08244545915778795 0.034484398782343995
5 0.5715659998436233 0.41395551371863326 0.058582808825763055 0.033537155439487876
4 0.4595712472314447 0.4703702917880609 0.09724790032630248 0.06186027175196146
5 0.45483597229771566 0.4846843961721552 0.05527532252507955 0.031743139432643896
6 0.46151891130057066 0.45303510778401607 0.08818342151675473 0.02317702918139597
4 0.44856566965410505 0.5195679462261096 0.2690494187092827 0.09642249757045673
6 0.4915325918727279 0.5326647027858764 0.0814346902782277 0.059599732750242995
5 0.5920101306668633 0.5664960802586505 0.03095132400822942 0.008893165041493845
