4 0.4896017048794827 0.42395155497259807 0.1206398197138937 0.1927417165287691
4 0.599647266313933 0.43693142408095675 0.13383131030189854 0.18008871688778222
4 0.3815614133074451 0.5012160183291134 0.11092914532067971 0.0730268959435626
4 0.480977663140851 0.5694216836294634 0.08647664561643048 0.06592421915002555
4 0.5720242475209363 0.574132108693367 0.11037527593818985 0.08458819510144022
6 0.4895637471395047 0.3950831365604093 0.11697057151602602 0.08465335169880622
6 0.6016433099766433 0.44265805984555984 0.12721054387721065 0.08429188116688124
6 0.38333852059342255 0.49158204948646134 0.09648303765950828 0.036035247432306294
5 0.37388469122786466 0.5151134100626721 0.05824661421217381 0.03340435190066188
5 0.47768731655570523 0.5273159130400829 0.04457981087747387 0.020103623655284175
5 0.6203054637910814 0.33853537184755456 0.05103000026857896 0.021654177745548286
