4 0.6072410403720001 0.5039889953656767 0.18396651534471375 0.12246645073615642
5 0.6263662220234991 0.5329284736194948 0.0690873636883026 0.040258914598703344
4 0.4337601692642451 0.4123373507032548 0.13092794395903623 0.0735505385809827
5 0.4262783134188147 0.41616722102741044 0.05800917133738509 0.03312767496172769
6 0.4669511985287458 0.3964790059412965 0.06207324643078832 0.04031989890928439
4 0.5619254157660346 0.4067232779962138 0.12519618788731934 0.07190184942478517
5 0.5715659998436233 0.41395551371863326 0.058582808825763055 0.033537155439487876
6 0.5404254548090165 0.38807689171559034 0.08244545915778795 0.034484398782343995
5 0.43835658830950736 0.554773836685913 0.05316969770830404 0.03290440922856186
6 0.44145356141531766 0.5348424035856078 0.10878688562314975 0.07485018803492055
4 0.4576808879674094 0.4698274513271487 0.09891780977333842 0.0603955412520788
6 0.45760045760045764 0.4575844977630692 0.09703581132152556 0.03227079119936266
5 0.45363548380386426 0.48480413219631635 0.055275322525079496 0.031743139432643785
