4 0.6029781254837518 0.45489190377951627 0.13955208378814277 0.1653361629097751
6 0.5898262770894374 0.43147874462185 0.10665561988440142 0.05386897288477549
5 0.5656102145754345 0.3688632697138451 0.04755796051187444 0.01942050953273905
4 0.5069007222172958 0.5107411330453969 0.10992137388785422 0.0770821596795142
5 0.49840617431926215 0.5303656057992262 0.053580802449071374 0.031723688450304044
6 0.5087770061728395 0.5033301297949736 0.09713955026455023 0.03901083002645511
4 0.4635113443990255 0.40465391513790083 0.10581457592327159 0.05519518112428917
5 0.44104154542081186 0.41031765845157286 0.05640755439467199 0.030724651422115168
6 0.48367728162248713 0.40056086741368496 0.06547866136907232 0.047051556527739624
4 0.3826796220883744 0.4673932135524314 0.13428123879706744 0.06863868595712164
5 0.34808047847304335 0.48235629735317626 0.05666784831717553 0.031392637509990884
6 0.3945069137812902 0.46451106718963864 0.07242422208408605 0.04561321525607237
