4 0.6365971517126711 0.4363716808553364 0.1549036571110971 0.16260811713665269
6 0.6384420534308678 0.41987922126344945 0.11274457583182418 0.06641498881431762
5 0.5782556377599505 0.5214578410384789 0.0507321852446867 0.02412935299133301
4 0.5508865166032719 0.4130767344035645 0.1706020613509479 0.19309637856771839
6 0.5533019116194322 0.3868671124363724 0.14682684195650675 0.0909611156290473
5 0.4844593573228633 0.5141472716225669 0.05075321169015956 0.02455030361379751
4 0.4202665595070658 0.5392775517379947 0.2980376398097917 0.07895695197910385
5 0.575000683394578 0.561818398978345 0.03260869688507051 0.025729912197691385
6 0.4663449975949976 0.5477486922799423 0.09344436427769759 0.06059478715728717
4 0.4221148629763669 0.4194444444444444 0.13139329805996441 0.15965608465608466
6 0.42194369852448577 0.428893200798838 0.13119445308987787 0.14116642027181237
5 0.45065291799390433 0.33236066700077005 0.05139310896057492 0.02348242253481264
4 0.2913235399980098 0.43782579996284227 0.1250698692175283 0.06352615450942278
5 0.27038396511185625 0.4449272067256761 0.057108858129266304 0.03185355545049423
