4 0.3924278536676109 0.463645207273848 0.2317829859777108 0.11485783633841884
4 0.450821767246888 0.5031307510927076 0.2217365743935792 0.10657493673798024
4 0.4311351717532733 0.5793059497529696 0.08730742726327717 0.06997004099653104
4 0.5219042136140581 0.55630088823094 0.11262804872476723 0.08584176330290316
4 0.6067246039987473 0.5262586805555556 0.1309358980698544 0.0852554563492064
6 0.45693603847081055 0.5003140344866963 0.2001573344499003 0.10134749343382432
6 0.5169259522493352 0.5514342967701176 0.09191257118288626 0.03356234699518279
6 0.6016943814562861 0.5094954648526077 0.11999244142101284 0.04960317460317465
5 0.6293313139657626 0.5566988257508704 0.060810500711368176 0.03669528530123323
5 0.5357655551454001 0.5886531776793404 0.057421762848119395 0.03393395471883842
5 0.3415738275986723 0.5512961525189786 0.05244448826229364 0.029654071773636992
5 0.28290900822840426 0.5146545406780598 0.05791837963731106 0.03240625518500084
