4 0.5502961758591006 0.48044113442830794 0.1075703442034402 0.07363626691977049
6 0.5496389755649016 0.48482940562782273 0.10664918072325491 0.06444173110839774
5 0.5460260567787449 0.4957517281105991 0.05347897821016101 0.030801971326164912
4 0.44435881810805233 0.40766670056605214 0.13809610246204085 0.07184626993310878
6 0.4756054702621262 0.4020053633517491 0.0706187453780665 0.05880505688693338
5 0.4208527902445397 0.4130808545188627 0.0580919242466969 0.03140862261797228
4 0.48778862456014915 0.5399578297693292 0.10676340491495523 0.07427364481843135
6 0.4915243950331669 0.5385057194267721 0.09371719898035685 0.04498425551057128
5 0.47770248992164643 0.5633190136380103 0.053473147678902544 0.03221273563951921
4 0.3657028171915377 0.48923381409301303 0.21932039167124684 0.11332990643065738
5 0.31792542815470504 0.5091455612288945 0.06728362107550817 0.037250558083891494
