4 0.5502961758591006 0.48044113442830794 0.1075703442034402 0.07363626691977049
6 0.5496389755649016 0.48482940562782273 0.10664918072325491 0.06444173110839774
5 0.5460260567787449 0.4957517281105991 0.05347897821016101 0.030801971326164912
4 0.48778862456014915 0.5399578297693292 0.10676340491495523 0.07427364481843135
5 0.47770248992164643 0.5633190136380103 0.053473147678902544 0.03221273563951921
4 0.460441811383168 0.4088263732014915 0.10555645734606062 0.055529394237258056
6 0.49090963206609467 0.5386477125954167 0.09503597938972097 0.044849861495269705
5 0.43733314303060467 0.4146613437688277 0.05560670993948624 0.03095609911824998
4 0.37232101961034947 0.473052205165692 0.12851839678126703 0.0697816590086327
5 0.3470840235658884 0.48542769339798897 0.054021727973112055 0.029781493470531883
6 0.4816466125989936 0.4026393375883172 0.06256256256256265 0.04303684150622922
