4 0.4056087329273904 0.5623816979501413 0.43254747934165705 0.08431398505209853
5 0.633163700098951 0.5569140862745054 0.02791349304048496 0.026112452823945365
4 0.28755463538072235 0.4699207581583358 0.1407648405578012 0.06670240559992108
5 0.24898115764405782 0.48124887902430274 0.050568459231359414 0.030126221863509994
4 0.44087716943997135 0.43529507968646386 0.12133208087314368 0.17359261035332002
6 0.44136098386657674 0.44201755086822203 0.12043843140040017 0.08372616384361353
5 0.4247616374118324 0.3409663193378728 0.046594170589555395 0.020498757611582874
4 0.5492184741974766 0.4806542344431859 0.10698245786127303 0.0740550319467424
6 0.5488744833528548 0.4850982218587181 0.10652691950401877 0.06503316975645218
5 0.5451657049929944 0.4957194181657213 0.053257629856653166 0.030966991493603546
