4 0.6072410403720001 0.5039889953656767 0.18396651534471375 0.12246645073615642
5 0.6263662220234991 0.5329284736194948 0.0690873636883026 0.040258914598703344
4 0.43983145072469687 0.47533310462232026 0.09858518790980664 0.061115944694376034
6 0.44552953831913644 0.46036847067432174 0.0845872890790148 0.028055696273781405
5 0.43336370017913073 0.4895170307218267 0.05561747291723784 0.03267095613384752
4 0.43461136059162686 0.4129119048492375 0.13092794395903623 0.0735505385809827
5 0.42705582451790747 0.41657029158836295 0.05800917133738498 0.03312767496172775
4 0.5625738232771871 0.4067232779962138 0.1251961878873193 0.07190184942478517
5 0.5717022003595937 0.41378106097887635 0.058125767947131535 0.03335241929734584
6 0.5418510866452755 0.38756180562660336 0.08379185134633071 0.0338705372536538
4 0.3134980927730686 0.4545440528190667 0.12241137943989278 0.06753871383100973
5 0.2931213389714059 0.4637981489449863 0.05749629912949861 0.03159762064129534
6 0.4670732071862016 0.3966677596179715 0.061280004782829745 0.040670399515738476
