4 0.5031794597033444 0.41450864462115944 0.12582151926144558 0.1572105352207997
5 0.511628463017352 0.4849585346237132 0.04370594648372428 0.005675870631227764
4 0.4059130013328487 0.5600236277717193 0.43216608102104287 0.07913788925239307
5 0.6332527316826833 0.5585979516006689 0.027170890697460703 0.026372937378372097
4 0.28165480751687655 0.42814809113300495 0.0995864501611628 0.15543753420908601
5 0.26370925889909513 0.3429759796456756 0.046599409528101654 0.018817127830677127
6 0.2833278505924246 0.44728164262917625 0.09570856357104487 0.054868289173221896
4 0.37125014491269637 0.4112859552674367 0.0969105495854467 0.16459250255546548
6 0.36912465660916716 0.4383611406148581 0.09277289326855626 0.04545421018469348
5 0.36625145489757743 0.498904119737409 0.04270609644941947 0.014374350257346735
