4 0.38505333812777176 0.4981988750192634 0.22730775157959626 0.15025427646786876
4 0.48058017968038347 0.5173384878524301 0.19549791703860975 0.12303804828923376
4 0.4538852578068264 0.5941439075630253 0.08610851748106652 0.06871498599439774
4 0.5495078411745078 0.5642361111111112 0.11410219743553074 0.11227745602745598
4 0.6166545119897207 0.5294042991278398 0.1342347638643936 0.08573872684720085
6 0.48713073868872625 0.5125043205496027 0.18100970373352193 0.11357669243321433
6 0.5466555620876608 0.5649250440917107 0.09498769786835631 0.03429355281207136
6 0.6155060590544461 0.5114644410412998 0.1258747226489162 0.04613953829630468
5 0.39270068839961314 0.5761968766001024 0.05603914206064742 0.030721966205837226
5 0.5643015500256174 0.6035039610846731 0.05722014148980448 0.0338583467094703
5 0.6415343915343915 0.5607037638287639 0.060793116348671905 0.0358495670995671
