6 0.39090758591037766 0.46326789370131083 0.11953506509620415 0.07081870995187578
4 0.38376661492239383 0.4706070032703199 0.0912853509168417 0.04985243678711021
5 0.3808828915657759 0.4750938352387493 0.05651420623076503 0.03298630283272519
4 0.4121863799283154 0.5331541218637993 0.2742219946521021 0.07456477214541729
6 0.4480287300141815 0.5393530927067512 0.0778873735655935 0.056117662824979986
5 0.5554981555038258 0.5527745346307351 0.03360925242596169 0.02757345057979954
4 0.36062318644750524 0.3939322931878971 0.24997103823169767 0.1302007271813227
6 0.39090278772996323 0.37918858900201347 0.11139248268658536 0.06546685236174249
5 0.47898819661574177 0.3341167026179037 0.04987477591000794 0.030432585983375282
4 0.6333833917858795 0.43667043755181734 0.13579299887629148 0.1625467809296523
6 0.6318381395754344 0.419540201408518 0.10907595270789228 0.0638390347921628
5 0.5856888311777046 0.523000576844943 0.0497385305121959 0.02325095191426041
4 0.5418157074685239 0.3960378013115408 0.20346103791132492 0.1925006178021953
6 0.5501789634389215 0.37194227200123425 0.156394482914399 0.0956116079936834
5 0.456133601721586 0.4954920289501702 0.051429041017708066 0.02469999349799651
