4 0.35842293906810035 0.4708728809624208 0.11805199977242986 0.06911893341566022
4 0.4837418151594397 0.42419266557197594 0.12315270935960593 0.1921410326582741
4 0.5888080540858319 0.4368395856404577 0.12676366843033504 0.1803882890365448
4 0.480535767732909 0.5694027608239913 0.08551254505039807 0.06592786871415013
4 0.5719829735300903 0.5738898935101466 0.11069437933010373 0.08497421472105016
6 0.35890652557319225 0.47111016745088086 0.11855771115030378 0.06858213423404075
6 0.4832038945099374 0.39595955193763976 0.11964066544963226 0.08527387858086077
6 0.5893085203430031 0.4424090038314177 0.12345679012345678 0.08500957854406127
5 0.3456955726126305 0.48205902079141516 0.056304907635111145 0.032137268052761014
5 0.4680345447168609 0.5270628400029809 0.046368747464209104 0.022239921007526697
5 0.6034055012699395 0.3379993478356988 0.05035543568505496 0.02093281602334529
