3 0.5748824221046442 0.3936746766607877 0.22535763276504028 0.10563639035861255
2 0.7077699392514207 0.36887308935920043 0.08450911228689006 0.05787037037037035
5 0.3770821085635899 0.5199790564373897 0.1922888496962572 0.18738977072310403
6 0.3740201842053693 0.5319205614344502 0.1837154614932393 0.1561581422692534
0 0.5976280663780664 0.39118867243867245 0.1751142376142376 0.09920634920634919
5 0.5714819081754565 0.5378344214029698 0.2597499573306025 0.1868119559651818
0 0.5893497183819765 0.5370343701996928 0.1802782044717529 0.1588101638504864
6 0.40933819764464924 0.6590421786994367 0.037869090288445095 0.03400217613927292
5 0.5082778631165727 0.7096454173067076 0.23254821641918416 0.15681003584229392
5 0.48255927885557515 0.5312438761512835 0.060421974002220935 0.11880266509896137
