4 0.6053443137761281 0.44946112742854233 0.1704364073590332 0.18993894889102003
6 0.6083354623361759 0.4239537919892431 0.14488359460344813 0.08900703694234585
5 0.5389456760221386 0.5489188033020966 0.0491545453147777 0.02287681790328122
6 0.46109608750135267 0.5343006206075684 0.10955275761056477 0.08003093046172749
4 0.46093982997482463 0.5487805130940404 0.08900346475461357 0.048786587550837424
5 0.4608808543993729 0.5562100418871252 0.054379776601998775 0.03410218253968256
4 0.3578954724811577 0.47093476840950876 0.14977642545942382 0.16266626975167275
5 0.3276298594501028 0.5423204689049217 0.04413705537579554 0.00792854995615111
4 0.47125434030195934 0.3970854696301125 0.1311531073435836 0.07283126702769566
5 0.4676596493947858 0.3991706345140932 0.05451047224431094 0.03222351502496984
4 0.46584724323969073 0.4651258920881014 0.09736994414450328 0.06219622862064722
6 0.4699224679731502 0.4504553682185261 0.08767241710711499 0.028496114022429797
5 0.4625094859573332 0.4794427755412534 0.054677332984890525 0.0325563473142787
