4 0.405747235557567 0.5600291071940635 0.4342033765244613 0.07983630037980538
5 0.6337657838242482 0.5585786618575368 0.02763164557803166 0.0270410446453061
4 0.28152557319223986 0.42964445592286493 0.11331569664902999 0.165922619047619
5 0.30320288145541885 0.4991471274730821 0.04468944776986511 0.009057886823785777
4 0.4408631448423075 0.4352361021449941 0.12184787023172755 0.17383292911089004
5 0.42442656373822063 0.3408920696002372 0.04755377175531683 0.020758782730202652
4 0.5491385090732498 0.48048320491284446 0.1081587486164654 0.07449986001558084
6 0.5488469934574478 0.48501651591735395 0.10715024681505125 0.0655371552717921
5 0.5451157273818045 0.49564059096179147 0.05335847990613796 0.031005639781843508
6 0.44119286219352055 0.4417466391318432 0.12002582224219271 0.08376862649821837
