4 0.42033016910467885 0.5392521591970121 0.2966464363523186 0.08680555555555558
6 0.4662683231503397 0.549264175068216 0.09776965611446647 0.06268246416299483
5 0.5726636214526826 0.5667113106906685 0.03449682173011648 0.026528538569823068
4 0.631174219485513 0.4354275771854431 0.15424513448529253 0.16235205616190568
6 0.6330326332717533 0.4189016238424417 0.11260725034039243 0.06592945751841012
5 0.573036112764639 0.520778061066569 0.05074130563695456 0.02400843027351951
4 0.5453300429935943 0.4119497292686545 0.1706924993529354 0.1929656208277703
6 0.5480799894719308 0.3858144869477287 0.1467566485881504 0.09127300507795005
5 0.4784285061370989 0.5131928692502323 0.05060837875283697 0.024299687184961227
4 0.3856638538614117 0.41631681376760654 0.1361081459495893 0.16027059630121415
6 0.38563288563288567 0.4260149572649573 0.1363451363451364 0.13812576312576313
5 0.41868911091343086 0.32946397995170806 0.051885365849424325 0.023716610406352368
4 0.2777593135157829 0.4430987903351803 0.1196768242832883 0.06268616947238231
5 0.2569661722572436 0.45155435486914086 0.05777365790312572 0.03207910489606974
