4 0.5502961758591006 0.48044113442830794 0.1075703442034402 0.07363626691977049
6 0.5496389755649016 0.48482940562782273 0.10664918072325491 0.06444173110839774
5 0.5460260567787449 0.4957517281105991 0.05347897821016101 0.030801971326164912
4 0.48778862456014915 0.5399578297693292 0.10676340491495523 0.07427364481843135
5 0.47770248992164643 0.5633190136380103 0.053473147678902544 0.03221273563951921
4 0.460441811383168 0.4088263732014915 0.10555645734606062 0.055529394237258056
6 0.49213734644436413 0.5383448671023264 0.09320661159377092 0.04444589282102651
5 0.43733314303060467 0.4146613437688277 0.05560670993948624 0.03095609911824998
4 0.35780203278477296 0.46031904806735346 0.10770133000723597 0.16429942497302696
5 0.34328774368615006 0.39129102939650223 0.04524151270499199 0.006322019584758198
6 0.4818953274321084 0.4018958512046069 0.06248737260855369 0.04160958942064935
