4 0.6346889317330908 0.4388135633036956 0.15531722236736822 0.1623755143650381
5 0.6744760415488984 0.3696690102283082 0.04655264345186827 0.010382059800664478
4 0.5374307006169365 0.421363137453563 0.15220152795671577 0.1658716086907575
5 0.5041022103342727 0.5080493710209772 0.046417236659139105 0.01839974748953832
4 0.49921909861668895 0.5498930244788678 0.29562695225345836 0.06768144004589782
6 0.5446317351079255 0.5543483054643769 0.08678270583032488 0.056432902415045394
5 0.6555625751313976 0.5625086373687119 0.029613835583984782 0.02523345573718716
4 0.4180630782784419 0.43710197081223046 0.09889084375221285 0.1360371113184553
5 0.4334808824464885 0.3786293872329037 0.04551775278748632 0.007054733038361682
4 0.3080020430333009 0.46783496209614434 0.12333290456774204 0.073182071908518
6 0.323559670781893 0.457051917989418 0.0771604938271605 0.038607804232804244
5 0.29102724043657235 0.4810204174137379 0.05796580568670323 0.03202278524420882
