4 0.6053443137761281 0.44946112742854233 0.1704364073590332 0.18993894889102003
6 0.6083354623361759 0.4239537919892431 0.14488359460344813 0.08900703694234585
5 0.5389456760221386 0.5489188033020966 0.0491545453147777 0.02287681790328122
4 0.46497171993203734 0.46703978065585205 0.09749032566492882 0.05798393075178793
6 0.46829273019749207 0.45085742630385484 0.0884256836637789 0.02384768009768007
5 0.4608476540294722 0.48001294396890987 0.05397044033407672 0.03191359618916434
6 0.46109608750135267 0.5343006206075684 0.10955275761056477 0.08003093046172749
4 0.46093982997482463 0.5487805130940404 0.08900346475461357 0.048786587550837424
5 0.4608808543993729 0.5562100418871252 0.054379776601998775 0.03410218253968256
4 0.4697080320992677 0.4038877282640631 0.12821856932757109 0.07318704752111249
5 0.4669149226972356 0.4071234004725258 0.057783731253118975 0.03245449218481289
4 0.3560249824125571 0.45550151627466495 0.10359255015254348 0.15589283499308926
5 0.3640878227791645 0.538644855089832 0.04664947383607887 0.016673516136503475
6 0.36045045099194184 0.4751194436716588 0.09208241099942932 0.03868516328959365
