4 0.4337601692642451 0.41223181203388637 0.13092794395903623 0.0735505385809827
5 0.4262783134188147 0.41584925195944134 0.05800917133738509 0.03312767496172775
6 0.4669511985287458 0.396373467271928 0.06207324643078832 0.04031989890928439
4 0.5616549144730384 0.4067232779962138 0.1251961878873193 0.07190184942478517
6 0.5412554919322317 0.3879895621828383 0.082445459157788 0.03448439878234405
5 0.5715659998436233 0.41395551371863326 0.058582808825763055 0.033537155439487876
4 0.46652776773624005 0.46973929576060797 0.09724790032630187 0.061860271751961515
5 0.4630621657857838 0.48442352621272516 0.055275322525079496 0.03174313943264384
6 0.47011297011297015 0.4537062572776859 0.08767270672032579 0.026429490715205006
4 0.37940026365952284 0.4793199020629576 0.17447401706660964 0.12411232029287578
5 0.4426882449286834 0.5282128789049156 0.03966168350295407 0.0170894416278774
4 0.6276815923038753 0.49235052548151037 0.36669304529161656 0.21731076151390782
5 0.45487098934284254 0.597096609904959 0.04895799962213615 0.02732495735342022
