4 0.6365971517126711 0.43634634393639854 0.1549036571110971 0.1632674188837696
6 0.6384420534308678 0.41987922126344945 0.11274457583182418 0.06641498881431762
5 0.5782556377599505 0.5214578410384789 0.0507321852446867 0.02412935299133301
4 0.5508865166032719 0.4130767344035645 0.1706020613509479 0.19309637856771839
6 0.5533019116194322 0.3868671124363724 0.14682684195650675 0.0909611156290473
5 0.4844593573228633 0.5141472716225669 0.05075321169015956 0.02455030361379751
4 0.4202665595070658 0.5392775517379947 0.2980376398097917 0.07895695197910385
5 0.575511398191007 0.5621056760513365 0.03260869688507051 0.025729912197691385
6 0.4671653084928279 0.5478929742164786 0.09344436427769759 0.0600755108441996
4 0.42230995904166946 0.4194444444444444 0.13139329805996447 0.15965608465608466
6 0.4221387945897883 0.428893200798838 0.13119445308987793 0.14116642027181237
5 0.45065291799390433 0.33236066700077005 0.05139310896057492 0.02348242253481264
4 0.3265019839636485 0.4135009437532674 0.12444987075103148 0.18553498328452855
5 0.3529214829087375 0.33640506411896354 0.04764918047592326 0.009105679322210458
