4 0.3583150004995579 0.4735251292454682 0.1303294146985296 0.06512262868195062
5 0.3303391200216597 0.48238867063271823 0.05356929960104562 0.029617923963162096
4 0.4656877316053346 0.540897538790797 0.11493569546004001 0.08053549135009808
6 0.44550450346714227 0.52644974905685 0.055326862840925584 0.02052247192041945
5 0.4529137921364069 0.5652220399349375 0.052660771153115016 0.03128680800942285
4 0.5501330719704214 0.4804358804264678 0.10740581373111496 0.07272691958309424
6 0.5497726179544362 0.48454615144956054 0.10659990963021271 0.0641418240850059
5 0.5458887024592085 0.49567546069374424 0.053508215964296335 0.0311199962032922
4 0.4341140264227181 0.407402079969314 0.1391137296901448 0.07167939065106793
6 0.46593658996759774 0.4012666112956811 0.07136704811123418 0.0584856035437431
5 0.4092219144538712 0.41271123089762685 0.058422306174355176 0.031073031882443425
