4 0.3998478124822211 0.44152825780849975 0.25423849348580535 0.12700812852022525
4 0.4661831440857658 0.4856211354900862 0.27941263896320073 0.13619040246373693
4 0.43119610048743906 0.5803007655717243 0.08679470621727836 0.06776054859658387
4 0.5173682873340558 0.557966197871335 0.10148695493523069 0.0829395082415858
4 0.60557208994709 0.5249176985062893 0.13034611992945322 0.08514724187631029
6 0.6008807844125305 0.507210163485634 0.12098975392626188 0.04643804415496028
6 0.4645941550703455 0.4868832770618485 0.1679508822365965 0.09753317789032068
6 0.41895996467501684 0.43421286425017763 0.12683302545267228 0.07292407012556268
5 0.27616902616902617 0.49988604676104675 0.051440329218106984 0.03005237380237391
5 0.33023327696867216 0.5475525691376206 0.05045546282659685 0.030682376043200787
5 0.6271368468761392 0.5554724217433714 0.06059531199196 0.03547042653187904
