4 0.6106087845708918 0.431866090460258 0.12165614509658385 0.15730307684040523
6 0.6105020883524878 0.42345738449700865 0.12197746039430868 0.1364222386485458
5 0.5924436386102785 0.5169661170687245 0.04671420922292757 0.02139036723778398
4 0.4868981663459283 0.46593805771205077 0.09714635326598903 0.06275646536385754
6 0.4871969652233201 0.44851470730297144 0.08629169795286412 0.021609303787521572
5 0.4853887775226544 0.48145763813768405 0.05469959173662886 0.03259612634612635
4 0.5049019304573417 0.396030040392292 0.1255064216824211 0.07116060988511297
5 0.5041656819680691 0.399772778764104 0.05783191829703471 0.03322259136212624
4 0.4483067797779157 0.5242279639975171 0.2719399367444061 0.0838265939522923
6 0.4836115458181186 0.5327538145539906 0.08476786645800732 0.058772775542141664
5 0.5877543297722096 0.5517878048409657 0.03696270618365116 0.02792791765492919
4 0.38928046563793167 0.3995910802683993 0.13180321438239984 0.16382385054613563
5 0.39880632638569147 0.4727009191294906 0.045499995896821244 0.005485273342416219
