4 0.40605418722685044 0.5607136412412861 0.4328340469593087 0.08012534504092894
5 0.6341226440033301 0.5588073192239859 0.02746311881285779 0.02634479717813054
4 0.29689491368323484 0.44163118410381186 0.10395344945223292 0.15007675819719618
6 0.2934169628094713 0.4237733505476509 0.09240430751753057 0.03708478969196782
5 0.28628354862488214 0.36054045145054225 0.046495769651719254 0.01577236257813508
4 0.4412908703429774 0.43551053398698536 0.12105979053351379 0.17372176455955946
5 0.4249659880968359 0.34096965081509945 0.047143818001463944 0.02015538367344155
4 0.5493572842108501 0.4802934196258427 0.10770087899531222 0.07331878649067497
6 0.548972849442333 0.48479534615097997 0.10681372183719606 0.06439097548252487
5 0.5454848029426499 0.49603174603174605 0.05369924306370488 0.03107436230004329
6 0.4415025714100483 0.44180083339287207 0.12064524067524818 0.08326021237452219
