4 0.37623845834630143 0.45942650315940325 0.11898277829650378 0.07029265194449869
4 0.4714269967246157 0.48971120473898777 0.2846277399848828 0.1308915077555844
4 0.4309609148318826 0.5806420391392855 0.0876144962166468 0.0675945699549162
4 0.5179162902740139 0.5578542392566783 0.10065814943863732 0.08323654665118085
4 0.6055565501054222 0.5250290905836018 0.1308661866305978 0.08484753550543028
6 0.6001737345020927 0.507353215197421 0.1193327893162055 0.04540788122877665
6 0.4722244240554686 0.49101237717309143 0.16764207879480458 0.09664745527840757
6 0.38714051238136016 0.45094446738232863 0.08563476771569262 0.044585512432333274
5 0.36534507058524524 0.46819765023913495 0.05795460671734326 0.033140985651902655
5 0.33170971424127216 0.548277860680547 0.04974955251758645 0.030628986766237154
5 0.6275759774718821 0.5557026965034911 0.06062610229276888 0.03539393187830697
