4 0.5502961758591006 0.48044113442830794 0.1075703442034402 0.07363626691977049
6 0.5496389755649016 0.48482940562782273 0.10664918072325491 0.06444173110839774
5 0.5460260567787449 0.4957517281105991 0.05347897821016101 0.030801971326164912
4 0.44435881810805233 0.40766670056605214 0.13809610246204085 0.07184626993310878
6 0.4756054702621262 0.4020053633517491 0.0706187453780665 0.05880505688693338
5 0.4208527902445397 0.4130808545188627 0.0580919242466969 0.03140862261797228
4 0.48778862456014915 0.5399578297693292 0.10676340491495523 0.07427364481843135
6 0.49192454688744125 0.5387026512664268 0.09310209140141112 0.044739984153249424
5 0.47770248992164643 0.5633190136380103 0.053473147678902544 0.03221273563951921
4 0.33439602186756107 0.467479850404415 0.22498367642948705 0.2441321545125335
5 0.25769145276721034 0.34351223271677817 0.05197902546387398 0.02230093139184053
