3 0.6334426627793975 0.3907515387107224 0.14374797538062833 0.06782474894719792
0 0.6044231184537308 0.392270003239391 0.07356117049994604 0.06478781988986071
2 0.4090473490983695 0.48110017816650474 0.19301371342187673 0.1088232912212504
2 0.7166974977125352 0.4757988721804511 0.08180172653856865 0.05799468910371164
6 0.6688347853761387 0.4807405418307673 0.05171659306997656 0.05892707960377125
0 0.5800712097704579 0.5054488900823486 0.10094681147312734 0.032633667502088515
0 0.5762173290368778 0.4499716553287982 0.08528265107212474 0.02386919680152766
3 0.5944921828380475 0.4783163265306122 0.18200262561164826 0.08689879460556149
5 0.7253172536375662 0.5729554191468254 0.049344824735449766 0.04224020337301593
6 0.5570023148148149 0.5915566096230158 0.2118468915343915 0.16121031746031755
4 0.4638689570196419 0.6113761143726897 0.5046386895701964 0.20147042835398998
