4 0.602320317648118 0.4548359056144642 0.13873422958400516 0.16522416657967082
6 0.5893310717872121 0.4312924831016936 0.10653738723914175 0.05350734791524259
5 0.5652724588429578 0.369164370450891 0.0470220847969115 0.01915718839689623
4 0.37599817737332863 0.4673121165644172 0.12713836792548033 0.06656867757327878
5 0.3487062838779716 0.4792785769462154 0.053303440491649146 0.029690709355432388
4 0.4948868917887722 0.4991448478763984 0.11615541513515953 0.07449449038542644
5 0.4831003645987403 0.5166725346261538 0.05428844777615521 0.03155233715410932
6 0.5051829515251953 0.4898700746805851 0.08566962642848319 0.03564276343210121
4 0.4646457422080085 0.41897305442826455 0.10500068837380849 0.056172131660016555
6 0.4796645495002303 0.41412951981834023 0.07004276370473561 0.04398833349097436
5 0.44278837382285663 0.42672545366510883 0.0556701706126993 0.0309855374510547
