3 0.7371918957284811 0.39153237514518 0.162924248290102 0.07833672086720872
3 0.5432152535811072 0.3948594173441734 0.30487804878048774 0.18903648857917155
2 0.4722383533359143 0.45036053039101814 0.20244547683572078 0.1155391018195896
4 0.5064611314611316 0.5950473137973138 0.5580993080993084 0.1842948717948718
5 0.7961945461945461 0.60382326007326 0.05291005291005291 0.04998473748473753
6 0.6079568579568579 0.5918040293040293 0.24623524623524617 0.17551892551892556
0 0.5692918192918193 0.3788919413919414 0.15873015873015867 0.09233821733821734
0 0.5214692714692715 0.426778083028083 0.15059015059015057 0.0873778998778999
0 0.7064000814000814 0.39606227106227104 0.08699633699633691 0.06486568986568986
2 0.7304310613134143 0.49471872082166196 0.06341425459072525 0.049311391223155865
6 0.6926937441643324 0.47487745098039214 0.06185807656395903 0.05222922502334265
