5 0.3501157407407407 0.37047371031746035 0.07440476190476192 0.03720238095238099
0 0.41273974867724866 0.3244357638888889 0.039269179894179884 0.06789434523809523
0 0.46234292328042326 0.31374007936507936 0.08639219576719576 0.07502480158730163
5 0.6111021736021736 0.35945543758043763 0.062115687115687046 0.04189457314457312
6 0.389519502891596 0.5345318844592101 0.2737787621508552 0.10353220745662606
6 0.6042743324720069 0.5144887412329273 0.16188322874369376 0.13727390180878557
6 0.6517305996472663 0.5923101300705469 0.26455026455026465 0.25111607142857145
3 0.4585667600373482 0.3581640989729225 0.1439464674758792 0.20667989417989419
4 0.40784832451499115 0.5924823633156966 0.2946796002351558 0.42879188712522043
4 0.6549539170506913 0.555435547875064 0.2592165898617511 0.36282322068612394
