4 0.4063259225545167 0.5618944797652234 0.43215671152748003 0.08276233382640197
5 0.6335011655590261 0.5569869897406182 0.028258613265699117 0.026296568684048616
4 0.2732081444490527 0.4538553483053424 0.12702426845621628 0.057793615350320016
6 0.2917202917202917 0.44951201201201196 0.07150007150007148 0.04879879879879878
5 0.22121875570151428 0.4659766205332707 0.05929574895092135 0.030543826726092682
4 0.4410357809253599 0.4353371783496006 0.1211746104775781 0.17335436590094971
6 0.44172861146276277 0.4420160190865712 0.11956157150431185 0.08368633752069338
4 0.5496953736527597 0.480318488856718 0.10769673885173425 0.07354764585666235
6 0.5491039114387732 0.4847107922080286 0.10655159784431534 0.06486228417013717
5 0.5456349206349207 0.49571377696377694 0.05341880341880334 0.031160968660968624
