4 0.502234554009223 0.5503040575864919 0.2942026381147878 0.06768144004589782
6 0.5469011921709279 0.5548544603072664 0.08678270583032477 0.056432902415045394
5 0.6574226848323312 0.5634430827936026 0.02959394076394284 0.025192468784812516
4 0.6669895311494227 0.44757845824918996 0.13715079771990346 0.1618343081757716
5 0.6730885701942719 0.3777723046462179 0.047325997300640466 0.0049601377777317435
4 0.5482983553158991 0.42234294701399966 0.13957452553943772 0.16617459051669586
5 0.5279924566067602 0.5101710546337419 0.04574973282492312 0.01619176769625641
4 0.44345383203417393 0.4363318224843454 0.08995679821367897 0.13566968836464255
5 0.4505095790083067 0.3778455561613958 0.04577460048197962 0.005206440082394237
4 0.2776493553192582 0.45582949671238504 0.16729165596479512 0.258149207633431
5 0.2598754045430277 0.5897778318644531 0.049785045002644246 0.017631544487713757
