4 0.39987429171826333 0.4440256242709414 0.2199894930391385 0.11509380380529705
4 0.4719912656420593 0.4894179894179894 0.2779877383051986 0.13605442176870758
4 0.43081275720164613 0.5807450031780388 0.0870811287477955 0.06742864443757302
4 0.5177475736357973 0.5576864102246073 0.10191257696247724 0.08282601996519456
4 0.6054131054131053 0.5254120879120879 0.13159679826346482 0.08508852258852256
6 0.6012506012506013 0.5069139153480915 0.12119325844816031 0.045491681521093175
6 0.47014827879025406 0.4907039976484421 0.17016134300084917 0.0973691945914168
6 0.40914513953729637 0.43946708147544733 0.1997095134350036 0.1068023935764782
5 0.29638178022531764 0.49641136216391313 0.05646438469567727 0.03112852283770645
5 0.3359743368246769 0.5519350504628495 0.049715653457150066 0.030976361023566823
5 0.6275633963806007 0.5559628543499511 0.060383662534200244 0.035638644509612294
