4 0.49407211444248483 0.4247960758377425 0.11512835586909664 0.1926256613756614
4 0.6202233980011758 0.421902557319224 0.11659807956104262 0.18077601410934746
4 0.39333179132814833 0.491830384248417 0.10239878181590384 0.0639691213461705
4 0.4812378167641326 0.5692127454051796 0.08644295924997675 0.06640951336675016
4 0.5724467278412528 0.5738849851168693 0.11012277517913582 0.08536015782392614
6 0.39873206539873207 0.47947501072501064 0.08437008437008436 0.0339178464178464
6 0.4949155001897617 0.3962759945750452 0.11357801442189625 0.08178244926662648
6 0.6199360835952314 0.42949142623407666 0.11470475129622992 0.08567593153770942
5 0.6180439183973658 0.32223130982672965 0.05031306792678347 0.020447110141766645
5 0.49787428819686885 0.5282519899455382 0.04486751798579758 0.020655867430061092
5 0.3807460802873647 0.5087340268676277 0.05683381065644061 0.032845037862239745
