4 0.633498441985775 0.4389871269304182 0.15885123305303772 0.1623755143650381
5 0.673987941429802 0.36948597268364713 0.04655264345186827 0.010382059800664478
4 0.5374307006169365 0.421363137453563 0.15220152795671577 0.1658716086907575
5 0.5041022103342727 0.5078856641741021 0.046417236659139105 0.01839974748953832
4 0.4145761823174612 0.43648232271111925 0.11301803985165854 0.13608623520398455
5 0.44046183076475587 0.3794977380393806 0.04724421579090793 0.008922612658440132
4 0.3024398425740728 0.4678354848261689 0.11719126007482183 0.06543619512886029
5 0.2789562643900323 0.48102440440079264 0.054517288542719144 0.031420441246612196
4 0.49921909861668895 0.5498930244788678 0.29562695225345836 0.06768144004589782
6 0.5446317351079255 0.5543483054643769 0.08678270583032488 0.056432902415045394
5 0.6553159931352046 0.5623039936205416 0.03088176659086106 0.02555466910531856
