4 0.6224873852717293 0.43485562668574784 0.125123355706793 0.16361505650348668
6 0.6191270941784075 0.4178106642791025 0.10573502648754818 0.062227328724414555
5 0.5813910009111836 0.5224064498858085 0.04895269205518393 0.02263319455619761
6 0.38994836095041996 0.46309878725855474 0.1175829390196812 0.07114285101480533
4 0.38280358439672163 0.47040951797385616 0.09126335719472978 0.04923844537815125
5 0.38014503090992624 0.47465010667003416 0.056297328841612315 0.0326435675167559
4 0.4119151503131868 0.5328207671957672 0.2745432051545393 0.07523148148148151
6 0.44772513801888003 0.5391565749863163 0.0782839033158318 0.056221682478866275
5 0.5554111135571362 0.552629023605829 0.0338893963688055 0.027834078527526618
4 0.5279359812545786 0.3931137735001976 0.18323479130347892 0.1942720147875101
6 0.5323562053769475 0.36757515871525354 0.15095904301279706 0.09410520891090879
5 0.4521184811909859 0.4943819446600167 0.05080079821134431 0.02515862883977299
6 0.3838029613223412 0.3910240745208915 0.11299782617612075 0.06591673523595049
5 0.3767704397931338 0.39400984686056084 0.05707815260710869 0.030956664427771785
