4 0.3945559705363626 0.4491640406162465 0.23991077912646536 0.12801995798319332
4 0.4710614404491955 0.4896736575499078 0.2852463736817478 0.13078744780314333
4 0.4309473258517844 0.5802307653422303 0.08677922690661544 0.06792791426549394
4 0.5172434582824346 0.557299478304343 0.10082117300800958 0.08467293499140627
4 0.6057553840428458 0.524872123926023 0.13065708784363217 0.08475771807193833
6 0.5999916744455596 0.5069485316737096 0.11880778965855676 0.04524473666733103
6 0.47051458193262985 0.4906877576076471 0.17125123018309024 0.0964658423221959
6 0.3625318440133255 0.4667028848576467 0.10684657950971882 0.06233203157806333
5 0.27942012002414685 0.5075586582507723 0.04749476225986299 0.028047432619580204
5 0.3315755832534356 0.5484230185362735 0.049714143673875166 0.031043597528496947
5 0.6277701814530778 0.555827785873769 0.06060546010608436 0.03571973293113728
