4 0.6072410403720001 0.5039889953656767 0.18396651534471375 0.12246645073615642
5 0.6263662220234991 0.5329284736194948 0.0690873636883026 0.040258914598703344
4 0.43461136059162686 0.4129119048492375 0.13092794395903623 0.0735505385809827
5 0.4266187899497674 0.41635873907607135 0.058009171337385035 0.03312767496172775
6 0.4667809602632693 0.3964790059412965 0.06207324643078832 0.04031989890928439
4 0.5619254157660346 0.4067232779962138 0.12519618788731934 0.07190184942478517
5 0.5719001351639026 0.41392549028542935 0.05837347922541991 0.03319954651020279
6 0.5409320885511362 0.38835072317215175 0.08358698834889311 0.034569007783293526
4 0.4492994531513338 0.47419729366466595 0.09745073673344534 0.06194375853532963
6 0.45482523111158457 0.45753934963247045 0.08404057621059857 0.026382896559071056
5 0.44424652854964575 0.48783246543174363 0.055049187443722725 0.032288157521356
4 0.3322721703584218 0.46305933136898747 0.11856660175664852 0.07021687307124519
6 0.3369239093010673 0.457347198507557 0.09520998896828908 0.0451566748877506
5 0.3189913943489301 0.47500463393615205 0.057951240569502405 0.032722933919303476
