4 0.6344531471835808 0.4386809344945961 0.15531722236736833 0.1623755143650381
5 0.673987941429802 0.36948597268364713 0.04655264345186827 0.010382059800664478
4 0.5374307006169365 0.421363137453563 0.15220152795671577 0.1658716086907575
5 0.5041022103342727 0.5078856641741021 0.046417236659139105 0.01839974748953832
4 0.49921909861668895 0.5498930244788678 0.29562695225345836 0.06768144004589782
6 0.5446317351079255 0.5543483054643769 0.08678270583032488 0.056432902415045394
5 0.6555625751313976 0.5625086373687119 0.029613835583984782 0.02523345573718716
4 0.32393184274904707 0.44992879544290837 0.09458383114297098 0.14420922939068104
5 0.32819266169385886 0.3684421205931929 0.049078908758373785 0.02184186830502982
4 0.4180630782784419 0.43710197081223046 0.09889084375221285 0.1360371113184553
5 0.4334808824464885 0.3786293872329037 0.04551775278748632 0.007054733038361682
