4 0.43722227148670345 0.5357915484945359 0.12907294099100425 0.09198967675319353
4 0.6072410403720001 0.5039889953656767 0.18396651534471375 0.12246645073615642
5 0.6263662220234991 0.5329284736194948 0.0690873636883026 0.040258914598703344
4 0.43461136059162686 0.4129119048492375 0.13092794395903623 0.0735505385809827
5 0.4266187899497674 0.41635873907607135 0.058009171337385035 0.03312767496172775
6 0.4667809602632693 0.3964790059412965 0.06207324643078832 0.04031989890928439
4 0.5619254157660346 0.4067232779962138 0.12519618788731934 0.07190184942478517
6 0.5404254548090165 0.38807689171559034 0.08244545915778795 0.034484398782343995
5 0.5715659998436233 0.41395551371863326 0.058582808825763055 0.033537155439487876
4 0.4570699845614783 0.47139146690688205 0.09794811117882712 0.06186027175196146
5 0.4524863611355351 0.484860185570827 0.05527532252507955 0.031743139432643785
6 0.455898074945694 0.4551905221548078 0.09533342866676198 0.02614221364221364
4 0.43722227148670345 0.5361438104105701 0.12907294099100425 0.09269420058526195
5 0.4394916349281429 0.5685797957003315 0.05400863535784167 0.032058095674167175
