4 0.6072410403720001 0.5039889953656767 0.18396651534471375 0.12246645073615642
5 0.6263662220234991 0.5329284736194948 0.0690873636883026 0.040258914598703344
4 0.43461136059162686 0.4129119048492375 0.13092794395903623 0.0735505385809827
5 0.4266187899497674 0.41635873907607135 0.058009171337385035 0.03312767496172775
6 0.4667809602632693 0.3964790059412965 0.06207324643078832 0.04031989890928439
4 0.5619254157660346 0.4067232779962138 0.12519618788731934 0.07190184942478517
5 0.5715659998436233 0.41395551371863326 0.058582808825763055 0.033537155439487876
6 0.5417128091546696 0.38776993355481726 0.08510725564989124 0.03356866002214837
4 0.4532230567771903 0.47231431666694124 0.09794811117882718 0.06186027175196146
5 0.44874328878160297 0.48565800518925517 0.05522184640958594 0.0326713217338217
6 0.45217291402737414 0.4557728314330427 0.09579079414760172 0.026024200760116245
4 0.39762335287026646 0.5192884533162311 0.22784428648626187 0.14939407300518415
5 0.48283453665740816 0.5779260300825639 0.04045050103742037 0.018973930837333897
