4 0.45991950888036875 0.3961180438076215 0.12482691062612117 0.07079828768907093
5 0.45411057315819225 0.39974604706747563 0.05771077199648633 0.0332283814426671
4 0.5832032948435065 0.47105878579092864 0.1345851874952404 0.17745564620564624
6 0.5803338549817423 0.46939623854236534 0.12854907221104417 0.08575760116253078
5 0.5600869093919882 0.5642765392304256 0.04790093800045747 0.022082264328746826
4 0.4658963293100355 0.4651346794484189 0.09810767360584272 0.062098447121274825
6 0.4701367283758997 0.4516272309572098 0.08952955045233763 0.030588354873312518
5 0.4622171684473867 0.4796324238165818 0.054529444001374716 0.03214077739315119
6 0.4609649232483075 0.5342780414454726 0.10957347858469157 0.08013319079832837
4 0.46044724355509925 0.5487850021632894 0.0892758314174687 0.04847000890093478
5 0.46080050479149903 0.556108907615368 0.05407005843489571 0.03380135132157158
4 0.3579682516287833 0.45101531119826477 0.12231671594803356 0.07907756730061716
5 0.3500656514402254 0.47294174119058374 0.055212406787845725 0.03133398911447305
