4 0.6057345059067333 0.4494229476451347 0.1704364073590332 0.19022911524491798
6 0.6083354623361759 0.4239537919892431 0.14488359460344813 0.08900703694234585
5 0.5391020296063882 0.548749509190823 0.04915454531477781 0.02287681790328122
6 0.45094952220845386 0.5333262893839639 0.10912569774638037 0.07989642225868498
4 0.4505409398151337 0.5474410728302987 0.08819766482561375 0.04864453798954271
5 0.4498494051458094 0.5547769760597749 0.054636060466964176 0.03419183448337981
4 0.46464648255982066 0.46603504755283987 0.09733625080998592 0.06064642275608145
6 0.4686813418326501 0.4499414242374993 0.08923680709801296 0.025817351969229074
5 0.46100423393062384 0.47996919997426635 0.0533768553501624 0.03142448230418021
4 0.44543582328261416 0.40643622585910366 0.1298408073195284 0.07289852333848185
5 0.4398280954505854 0.40950757394658 0.05802752456032245 0.03280483043284249
4 0.35982429660590576 0.466757216129448 0.09270777470011188 0.14441438857169647
5 0.3638834148225935 0.3856003251553307 0.0472062254204606 0.021124867682795423
