4 0.40596069653426947 0.5597852995084971 0.43292030484759264 0.07934868500867254
5 0.633633950355988 0.558737650203597 0.0275928515131173 0.026396977186013637
4 0.5037638194802406 0.4144640082140082 0.1266546504641743 0.1570304695304695
5 0.5118258772731363 0.4847513561518231 0.04302716513024357 0.005351515101601589
4 0.25218596943306726 0.4200009427503121 0.10238264798795482 0.15050698352937159
6 0.2505775393099337 0.40317134287204714 0.09170247824394928 0.03691128250987402
5 0.2444709796193057 0.33819250183140026 0.04739943731783888 0.016124565176555583
4 0.3812930739713013 0.41157887346471167 0.09636804434492302 0.16517833895001527
6 0.37954864485476725 0.43881909099394395 0.09178274484396937 0.04514901198574672
5 0.3778116337628811 0.49940530035095354 0.042733944689127834 0.01441052044508534
