4 0.3723461814739867 0.4637656033287101 0.1017239206267802 0.15362536600400678
4 0.5021267766365806 0.423972889250667 0.1213818860877684 0.19372088816533267
4 0.620963956450606 0.421902557319224 0.11707659425144346 0.1813271604938272
4 0.4814241264105763 0.5693499907746027 0.08674954474412472 0.06669748909216755
4 0.5730762090411212 0.5738956766917293 0.10883690708252114 0.08497807017543857
6 0.3696780211931727 0.44530122655122656 0.09437812468115503 0.03996950019677292
6 0.5022543665016783 0.3967253904249872 0.11840757808499747 0.08180523553507424
6 0.6206242317353429 0.43039522206188874 0.11624178290844966 0.08417508417508418
5 0.3649104399327514 0.37983161022192147 0.04781369406536745 0.016463518910807995
5 0.5163084895595184 0.5279778235025149 0.045180394974633664 0.02122934221699646
5 0.6177990406962368 0.32244367842416705 0.05047882773739476 0.020351480119474852
