4 0.6365971517126711 0.43634634393639854 0.1549036571110971 0.1632674188837696
6 0.6384420534308678 0.41987922126344945 0.11274457583182418 0.06641498881431762
5 0.5782556377599505 0.5214578410384789 0.0507321852446867 0.02412935299133301
4 0.5514145793841927 0.4130767344035645 0.17266364526953848 0.19309637856771839
6 0.55461146730988 0.386770141234427 0.14824975142435454 0.09133558240701095
5 0.4844593573228633 0.5141472716225669 0.05075321169015956 0.02455030361379751
4 0.4202665595070658 0.5392775517379947 0.2980376398097917 0.07895695197910385
5 0.575000683394578 0.561818398978345 0.03260869688507051 0.025729912197691385
6 0.4663449975949976 0.5477486922799423 0.09344436427769759 0.06059478715728717
4 0.4216603092572084 0.4194444444444444 0.13139329805996447 0.15965608465608466
6 0.42194369852448577 0.428893200798838 0.13119445308987787 0.14116642027181237
5 0.45065291799390433 0.33236066700077005 0.05139310896057492 0.02348242253481264
4 0.27154271333411273 0.4183257037074749 0.1941858024062824 0.19099697077690664
5 0.35179957362778486 0.319636714251076 0.05315220051232661 0.02591786168913829
6 0.260167654745968 0.44814675368139223 0.15007118420773038 0.0909889558232932
