4 0.4059003544920793 0.5622826461092911 0.4324823149598822 0.08268844260868169
5 0.6333189162391306 0.5570921112835203 0.028371737013417553 0.026058244476273695
4 0.319210287773108 0.4501227675886693 0.09723038381838989 0.13822092667622
5 0.3090871528337409 0.37217775321177715 0.04723792077760852 0.020917657105423204
4 0.44132243678728944 0.43534560435070635 0.12096644749705981 0.17354727176155743
6 0.4414890339599207 0.44153574128063927 0.11992152255037075 0.08368426735773671
5 0.42454774085598457 0.34106251176143654 0.04610847800811951 0.020162657931475148
4 0.5494374266435086 0.48062475039039665 0.10757156313315236 0.07386042441533897
6 0.5489481525412083 0.4850104138330748 0.10670076008109741 0.06500604397489529
5 0.5452773300427267 0.49567887791973153 0.05367900447341434 0.031018787370413248
