4 0.5502961758591006 0.4801640217210277 0.1075703442034402 0.07363626691977049
6 0.5496389755649016 0.4846908492741826 0.10664918072325491 0.06444173110839779
5 0.5460260567787449 0.4957517281105991 0.05347897821016101 0.030801971326164912
4 0.44435881810805233 0.40766670056605214 0.13809610246204085 0.07184626993310878
6 0.4756054702621262 0.4020053633517491 0.0706187453780665 0.05880505688693338
5 0.4208527902445397 0.4130808545188627 0.0580919242466969 0.03140862261797228
4 0.48778862456014915 0.5399578297693292 0.10676340491495523 0.07427364481843135
6 0.490115903369989 0.5386622072899232 0.0936629112225365 0.04490579741546641
5 0.47770248992164643 0.5632125690573169 0.053473147678902544 0.03221273563951932
4 0.3941195325931754 0.46532929326989125 0.10951118215739253 0.057884680229290664
6 0.41263721647567164 0.4588291966040553 0.06839648309093732 0.04327760062261998
5 0.3639359325008904 0.47812715649512855 0.05633957648665583 0.030700993070740035
