4 0.5923116542585568 0.4495013344570866 0.12798301883847607 0.16285644051130777
5 0.5901626744496675 0.3794642857142857 0.04543635719319783 0.004960317460317443
4 0.49001531781040264 0.44043668702936617 0.11962416773770196 0.16311119796322282
5 0.4908885436691678 0.5270104228765561 0.04469214819578321 0.014909551264451926
4 0.5735531231110731 0.573818717767187 0.10834720221375838 0.08541155834139158
4 0.46921784917318143 0.5660472274793882 0.08653040199662204 0.06649861863429696
5 0.5823162611443781 0.5966856069514608 0.055396176831938204 0.026007613743622593
4 0.3732565342814829 0.5078620925578349 0.1270106670899146 0.07897732232168658
6 0.38622239019064414 0.49160289115646255 0.09847148736037625 0.043107520786092146
5 0.3525454387250718 0.5321517047679287 0.05714817454925686 0.033011263047632466
