4 0.6106087845708918 0.431866090460258 0.12165614509658385 0.15730307684040523
6 0.6105020883524878 0.42345738449700865 0.12197746039430868 0.1364222386485458
5 0.5924436386102785 0.5169661170687245 0.04671420922292757 0.02139036723778398
4 0.4847473511869832 0.46593805771205077 0.09714635326598914 0.06275646536385754
6 0.48639123171576415 0.4479837864738854 0.08629169795286412 0.021609303787521572
5 0.4830965479113627 0.48085087147587147 0.05469959173662886 0.0325961263461263
4 0.5049019304573417 0.395837780025613 0.1255064216824211 0.07116060988511291
5 0.5041656819680691 0.399772778764104 0.05783191829703471 0.03322259136212624
4 0.3790636625020378 0.36412816614741134 0.1803962325671009 0.16642445668743677
6 0.3536000922434317 0.39007826887661146 0.11519548137104918 0.059129176532491445
5 0.307313806223645 0.44833555222223065 0.05121303229630825 0.022336666027744367
4 0.4509555057000312 0.5180338973678389 0.265316822494438 0.10082248449036774
6 0.48630057204575255 0.5312720874797956 0.09369013626705358 0.06024149547801294
5 0.5825849354874597 0.5589993766645573 0.04144363150793928 0.02873019287899814
