4 0.5502961758591006 0.48044113442830794 0.1075703442034402 0.07363626691977049
6 0.5496389755649016 0.48482940562782273 0.10664918072325491 0.06444173110839774
5 0.5460260567787449 0.4957517281105991 0.05347897821016101 0.030801971326164912
4 0.44435881810805233 0.40766670056605214 0.13809610246204085 0.07184626993310878
6 0.4756054702621262 0.4020053633517491 0.0706187453780665 0.05880505688693338
5 0.4208527902445397 0.4130808545188627 0.0580919242466969 0.03140862261797228
4 0.48778862456014915 0.5399578297693292 0.10676340491495523 0.07427364481843135
6 0.4911872314146404 0.5386812704124038 0.09301488939622954 0.044943923660427765
5 0.47770248992164643 0.5632125690573169 0.053473147678902544 0.03221273563951932
4 0.36878147171760395 0.47728465886137217 0.11617743832877259 0.15477299801492023
6 0.3702860465036151 0.49571000627804784 0.09840202343429777 0.057550189021467746
5 0.33235474703728674 0.39506966125269694 0.04810649651919491 0.021131131622203092
