4 0.4055383040822067 0.5602130330730171 0.432075519943467 0.08007629792015969
5 0.6332559478817983 0.5586684078393263 0.0269949249541086 0.026320051830255875
4 0.5026663443155039 0.4146211435963274 0.12609210350806993 0.15649923163709933
5 0.5117696694641274 0.48453737840606853 0.0433354984383858 0.005472102635712406
4 0.2640812037975159 0.4284869976359338 0.12383203872565576 0.15830800405268497
6 0.2540815622752308 0.40631650704974726 0.09926792980796706 0.04198257515296622
5 0.23523654476035427 0.34430599162742026 0.04874314398123922 0.017933455433455425
4 0.36717752234993617 0.4109366447728517 0.10034665207078997 0.16548645320197042
6 0.36374138170545356 0.4377516782853169 0.09330139070658033 0.046165211056017674
5 0.35836165581293494 0.4982697614160668 0.04230178826552 0.014845055968175369
