5 0.43956679894179895 0.41759672619047616 0.23561507936507936 0.1891121031746032
6 0.4317129629629629 0.43154761904761907 0.21990740740740738 0.17981150793650796
5 0.6309523809523809 0.4758804563492063 0.2926587301587302 0.20399305555555552
0 0.6569940476190477 0.47805059523809523 0.19758597883597884 0.1723710317460318
6 0.41848544973544977 0.5685763888888888 0.049603174603174593 0.03224206349206349
5 0.5143849206349207 0.6318204365079365 0.25462962962962965 0.16617063492063489
2 0.8587136243386244 0.29792906746031744 0.09011243386243384 0.06634424603174605
3 0.7045304232804233 0.3283110119047619 0.27447089947089953 0.11222718253968256
0 0.7338789682539683 0.3221106150793651 0.20585317460317465 0.0998263888888889
0 0.5337204326174914 0.46648867880485523 0.07537737317149074 0.1349498132586368
