4 0.6072410403720001 0.5039889953656767 0.18396651534471375 0.12246645073615642
5 0.6263662220234991 0.5329284736194948 0.0690873636883026 0.040258914598703344
4 0.43461136059162686 0.4129119048492375 0.13092794395903623 0.0735505385809827
5 0.4266187899497674 0.41635873907607135 0.058009171337385035 0.03312767496172775
6 0.4667809602632693 0.3964790059412965 0.06207324643078832 0.04031989890928439
4 0.5621122450489091 0.4067232779962138 0.12519618788731934 0.07190184942478517
5 0.5719001351639026 0.41392549028542935 0.05837347922541991 0.03319954651020279
6 0.5412312754956187 0.3872820550894823 0.08255222904701709 0.03400967244142822
4 0.4492994531513338 0.47419729366466595 0.09745073673344534 0.06194375853532963
6 0.45482523111158457 0.45753934963247045 0.08404057621059857 0.026382896559071056
5 0.44424652854964575 0.48783246543174363 0.055049187443722725 0.032288157521356
4 0.3754279489573607 0.5038734243697479 0.16015665525469447 0.15136262838468723
6 0.39337305506810116 0.5251018799646647 0.10183683626987328 0.0492825581152706
5 0.4340037781688251 0.5810741028488842 0.0475060413916909 0.020985958485958522
