4 0.502234554009223 0.5503040575864919 0.2942026381147878 0.06768144004589782
6 0.5467086519492756 0.5548544603072664 0.08678270583032477 0.056432902415045394
5 0.6574226848323312 0.5634430827936026 0.02959394076394284 0.025192468784812516
4 0.6669895311494227 0.44757845824918996 0.13715079771990346 0.1618343081757716
5 0.6730885701942719 0.3777723046462179 0.047325997300640466 0.0049601377777317435
4 0.5522670139372842 0.4225840060612046 0.14124795008467372 0.166206639519418
5 0.5312427967419915 0.51033985590145 0.04550069968749526 0.015954748744603786
4 0.4350779434235325 0.4372341458818978 0.11938327063102372 0.13534312515771307
5 0.4691007174137589 0.380606646969188 0.046606459263076605 0.011043764101124731
4 0.3393646268968652 0.4507024434360867 0.16377134889871864 0.17769813798556844
6 0.333225483105579 0.44776678657074337 0.14432898125943688 0.09510248943702182
5 0.2863061217823888 0.5434765944348876 0.05025798714859042 0.023290544324777618
