4 0.37520761630793986 0.46311974991576355 0.10659064057122308 0.13469053561307137
4 0.5082794434646287 0.424712586501958 0.12982559278855577 0.19287204249245216
4 0.6188427484723781 0.4377742449260905 0.12871216574920274 0.1796009189046101
4 0.4805582465989352 0.5695632126089873 0.0854923781371355 0.06602112676056338
4 0.5728352219580289 0.5738504916136494 0.10889045976765277 0.08494794679005202
6 0.6204697678686117 0.44513831544178367 0.12411944011173304 0.08573034223323239
6 0.5080699433769609 0.3953568817878028 0.12386289798570499 0.08647921888053467
6 0.3753496928784285 0.46460214833059665 0.10604816639299397 0.11930418719211816
5 0.38012171117973165 0.386583103093342 0.04815476942894459 0.020992469797930513
5 0.4859924916792808 0.5279938965962587 0.04548042605785385 0.02122130567012459
5 0.6343112372922671 0.33892141996816794 0.0498272178488981 0.020768808878565026
