4 0.37542165373880587 0.49095762403241927 0.19092138833239158 0.11898627759396868
4 0.48056097032705214 0.5691178752649222 0.086249574553668 0.06703436921395933
4 0.5739066888758246 0.5739466134431412 0.1071673525377228 0.08506716406021952
4 0.5015700585165485 0.42451003317905445 0.12324399904174088 0.1921352273745045
4 0.6212510013551049 0.42199171335200747 0.11702699407368888 0.180905695611578
6 0.620134707778386 0.43007075664371086 0.1151705893085202 0.08573971276621828
6 0.5020552282215568 0.39636256801571207 0.11916388522203264 0.08107553366174058
5 0.3577688505672045 0.512948878110915 0.0677705924619505 0.039345728003135405
5 0.5165448895607625 0.5273945998152347 0.046275300243554196 0.022045855379188573
5 0.6180935441764066 0.32224548246794005 0.049447483534112435 0.02010750156936597
