4 0.4096224961661684 0.44208944378787796 0.25423092798979297 0.13003446868098623
4 0.4704246370913038 0.4891636141636141 0.28150861484194817 0.13316544566544558
4 0.4313581624779541 0.5803496165490128 0.08697778880070545 0.06807305502262895
4 0.5179804238297336 0.558048166965531 0.10128545366282715 0.08335408779969455
4 0.6061817212896348 0.5251229727828224 0.13068909951403962 0.08493205435651485
6 0.6026887778430987 0.507284318048207 0.12227284603827815 0.0454695767195768
6 0.4683331072219961 0.4897656816814425 0.1701487812598924 0.09679393171241002
6 0.3684807256235828 0.46174719887955185 0.11708387058527114 0.06252501000400157
5 0.2875217092774345 0.5015221737549982 0.046616045343780665 0.02764146371016607
5 0.3327914428423334 0.5498947352477886 0.04829893506738292 0.02953471464921842
5 0.6280129335684892 0.5558035714285714 0.06025867136978247 0.03554894179894175
