4 0.5620936379631715 0.4067232779962138 0.12519618788731934 0.07190184942478517
5 0.5711547272711045 0.4134666342539268 0.058582808825763166 0.03353715543948782
6 0.5414462081128748 0.38723544973544977 0.08348030570252801 0.0328483245149912
4 0.46652776773624005 0.46973929576060797 0.09724790032630187 0.061860271751961515
5 0.4627123314689089 0.4840364044416484 0.05524995604360683 0.032592136386779325
6 0.4705512102855097 0.45469576719576715 0.08930168954323542 0.027856855302507477
4 0.6301862027217179 0.4932689186280955 0.3578276470841717 0.22026494441406963
5 0.46146756004026296 0.5997730699447916 0.04893109412883423 0.027262431923449015
4 0.435375423411204 0.41129523068881657 0.12970733038547244 0.07324712973892789
6 0.4695531830763148 0.39523051950920796 0.061351811055251115 0.03998263006270125
5 0.42865555328831706 0.41516798982455577 0.058009171337385035 0.03312767496172775
4 0.3861287758759945 0.5188540424491008 0.11246792313742038 0.07925548710134162
5 0.3785909753000372 0.5376882521554112 0.05515388408685373 0.03222360020286219
6 0.39025663175323033 0.5160248623258827 0.09808156066659474 0.05193148688046645
