4 0.44642478868056534 0.5425389778137291 0.2962042998647895 0.07901356750661825
6 0.4921772693310839 0.5503121820396424 0.09364279783857021 0.06022308451984182
5 0.6006220497189299 0.5637285501817522 0.032388168677166984 0.026056106721131345
4 0.6362882438151256 0.4361099623196397 0.15463827291784293 0.16251296493231981
6 0.6379731379731379 0.41990995115995117 0.11418622529733635 0.06626475376475383
5 0.578292310300327 0.5216213970271412 0.05087388956692562 0.02418676174736656
4 0.5472982369637089 0.4096973317403425 0.1490742321088797 0.19471468396199582
6 0.5473814376407672 0.3820479804825156 0.13669266989950102 0.08715851932170715
5 0.5004369615561599 0.5131829796891241 0.048427890715487865 0.022622209074864896
4 0.42452861461166636 0.4169127050849267 0.12727933123514473 0.1601644187714319
6 0.42414938595262824 0.4262358794233378 0.12720395798343842 0.13927778907375843
5 0.44888026973373185 0.3297924606801418 0.05107189084644803 0.02263845108048007
4 0.30578855662477106 0.4338620365016457 0.1458383805124677 0.05585742427223578
5 0.27205122752798094 0.42984005749963194 0.048164922081391726 0.031905151586002656
