4 0.6053443137761281 0.44946112742854233 0.1704364073590332 0.18993894889102003
6 0.6083354623361759 0.4239537919892431 0.14488359460344813 0.08900703694234585
5 0.5389456760221386 0.5489188033020966 0.0491545453147777 0.02287681790328122
6 0.4597304150442347 0.5343006206075684 0.10955275761056449 0.08003093046172749
4 0.4597026604068858 0.5484294656829869 0.08880443152743628 0.048904538341158044
5 0.4593016977119488 0.5558105933144999 0.054078392967860656 0.033988471911693074
4 0.46497171993203734 0.46703978065585205 0.09749032566492882 0.05798393075178793
6 0.46829273019749207 0.45085742630385484 0.0884256836637789 0.02384768009768007
5 0.4608476540294722 0.48001294396890987 0.05397044033407672 0.03191359618916434
6 0.35965807607559097 0.4747359598613972 0.12761212533265126 0.1368754691055104
5 0.3299490325072208 0.5483971401551082 0.047677277355057335 0.02153183801590186
4 0.4668638692285604 0.4043402269195396 0.12810634460043285 0.07317870007889837
5 0.4635122001213022 0.4073276552976096 0.05774063457931311 0.03268581062230641
