4 0.3353887851436871 0.4846339577497666 0.13130252100840334 0.0687514589169001
4 0.46424469874082275 0.4233589385474861 0.12561010623026125 0.19217766249889157
4 0.5833200742920925 0.43695108376001757 0.1263625500410036 0.18018502581755597
4 0.4808379808379809 0.5693869230474795 0.08580008580008586 0.06678439071327757
4 0.5726478977507784 0.5740342690574172 0.10941276373375142 0.08558078581226725
6 0.34790171776473144 0.4824418351815612 0.07308352057210504 0.050622417916938445
6 0.4646951373141849 0.3940795068027211 0.12125220458553793 0.08662840136054423
6 0.583874252259132 0.44208190148911797 0.12409316533027881 0.08335378825069545
5 0.3051274186539887 0.49531285944329423 0.06070597858037474 0.033068783068783136
5 0.44667627766878704 0.5257797173176386 0.04694033252085694 0.022293561619404323
5 0.5977111879889657 0.33784213471713476 0.04988581377470269 0.020985958485958467
