4 0.43534430258490536 0.4116377620386388 0.13092794395903617 0.07355053858098276
5 0.42839049117969497 0.4155522269618176 0.058009171337385035 0.03312767496172769
6 0.4669511985287458 0.3953338797802447 0.06207324643078832 0.04031989890928439
4 0.5616549144730384 0.4067232779962138 0.1251961878873193 0.07190184942478517
5 0.5715659998436233 0.41395551371863326 0.058582808825763055 0.033537155439487876
6 0.5414462081128748 0.38723544973544977 0.08348030570252801 0.0328483245149912
4 0.46652776773624005 0.46973929576060797 0.09724790032630187 0.061860271751961515
5 0.4630621657857838 0.48442352621272516 0.055275322525079496 0.03174313943264384
6 0.47011297011297015 0.4537062572776859 0.08767270672032579 0.026429490715205006
4 0.629096671847451 0.493183429211867 0.36308542216217693 0.21731076151390777
5 0.45745030511252205 0.5982272592590883 0.04796587781246081 0.02666948927409174
4 0.3657122944757354 0.482130856374808 0.15112078284121294 0.134608614951357
6 0.3653567161631678 0.4774305555555555 0.15040962621607784 0.12520801331285203
5 0.42228946551268703 0.5517827717245091 0.05182796820638402 0.024906678773204183
