4 0.39309705363626923 0.5038579697415689 0.10601462807345158 0.07261202503600311
4 0.49253667139846 0.5223136190640062 0.18998867237349626 0.12447522670615974
4 0.4723211568949589 0.600669099756691 0.08662405917798927 0.0680685899664002
4 0.5625826719576719 0.5764818948412698 0.11656746031746035 0.087735615079365
4 0.6277367268746579 0.5334479337712097 0.13265523322994588 0.08552271483305962
6 0.49950192697106277 0.5178479570840682 0.17595858645241363 0.11436287477954138
6 0.556891668002779 0.5704365079365079 0.08764897653786541 0.03427128427128434
6 0.6239645128534017 0.516624579124579 0.12506012506012498 0.04930254930254918
5 0.4086499919833253 0.5831566627423568 0.05531505531505532 0.02867224450085648
5 0.5789568804880937 0.6101658267951567 0.05702320189952692 0.033945086552150894
5 0.6534571500557895 0.5650712666018788 0.061188496562646244 0.03624068675089087
