4 0.6071028955678053 0.43191907039018884 0.12202579987305051 0.1564400010573972
6 0.6070302775475906 0.4238129766170688 0.12230297366208365 0.13653614818460091
5 0.588554007481656 0.5171140195667812 0.04671959775318946 0.021973511254034572
4 0.4868714765210024 0.3885643636711373 0.12480618009832334 0.07075144372442499
5 0.48409095611933317 0.39217923648181097 0.05706804539563287 0.032543808782409755
4 0.478842329250239 0.4647572741774925 0.09706437964120551 0.06278292094720117
6 0.4813214332787286 0.44634030955205334 0.08520213146547662 0.021182850364344974
5 0.47662982264539094 0.479179951770492 0.05435767111999057 0.032636853584805336
4 0.43694430079140967 0.5134216196577405 0.2656313004121324 0.09242856618970535
5 0.5699003248022856 0.5504325127486892 0.03990200068631444 0.02811220642102996
6 0.472365826975756 0.5234339143913611 0.09320597973080247 0.058814806155231714
4 0.35620203780377746 0.39599033906990116 0.2004667627753876 0.1371633508364415
5 0.2673194215351567 0.46426746677163844 0.056055449914055894 0.030376688056787005
