4 0.360838779956427 0.46694459033613445 0.1069872393401805 0.06619835434173665
4 0.46874548240668457 0.4875951405152225 0.280452193020499 0.1339692297684102
4 0.4310774320190516 0.580315106268496 0.08693789296425825 0.0682393955699041
4 0.5176727665717441 0.5576762709914884 0.10038877489355741 0.08375028755463543
4 0.6058527663465935 0.5252517613897889 0.12955342173449158 0.08516422168446292
6 0.600362789690275 0.5075079191033138 0.11931835762245113 0.046231028961292164
6 0.4694222581696042 0.48844909513699325 0.1631674136981992 0.09667879890809827
5 0.3569937547393264 0.4753637566137567 0.058788947677836545 0.0329489686373744
5 0.3307943324046384 0.5482708381259107 0.0498428034659919 0.030432865577793122
5 0.6278012394220345 0.5558172236784622 0.06108117728912843 0.0353820809669434
