4 0.5620936379631715 0.4067232779962138 0.12519618788731934 0.07190184942478517
5 0.5711547272711045 0.4134666342539268 0.058582808825763166 0.03353715543948782
6 0.5414462081128748 0.38723544973544977 0.08348030570252801 0.0328483245149912
4 0.46652776773624005 0.46973929576060797 0.09724790032630187 0.061860271751961515
5 0.46244347957404075 0.4840364044416484 0.055249956043606774 0.032592136386779325
6 0.47048662867871915 0.45381134874930273 0.08767270672032579 0.026429490715205006
4 0.6301862027217179 0.4932689186280955 0.3578276470841717 0.22026494441406963
5 0.46146756004026296 0.5997730699447916 0.04893109412883423 0.027262431923449015
4 0.435375423411204 0.41129523068881657 0.12970733038547244 0.07324712973892789
6 0.4695531830763148 0.39523051950920796 0.061351811055251115 0.03998263006270125
5 0.42865555328831706 0.41516798982455577 0.058009171337385035 0.03312767496172775
4 0.41266480728438704 0.5072682421598594 0.14153861420421682 0.04929919892937229
5 0.4217265042292728 0.5098680342658748 0.05472408019473357 0.03092838329549291
