4 0.5502961758591006 0.4801640217210277 0.1075703442034402 0.07363626691977049
6 0.5496389755649016 0.4846908492741826 0.10664918072325491 0.06444173110839779
5 0.5460260567787449 0.4957517281105991 0.05347897821016101 0.030801971326164912
4 0.4741561242565258 0.5389829067351657 0.11269464582717592 0.07575621751073569
5 0.4629828312536796 0.5642472870246392 0.05341391276262708 0.03195864232499046
4 0.44435881810805233 0.40766670056605214 0.13809610246204085 0.07184626993310878
6 0.4756054702621262 0.4020053633517491 0.0706187453780665 0.05880505688693338
5 0.4208527902445397 0.4130808545188627 0.0580919242466969 0.03140862261797228
4 0.36885010306937216 0.47706990034647845 0.12574827635735725 0.06607060905233664
5 0.340419425061132 0.4892230605545823 0.052531971815385714 0.02951582435278083
6 0.47590376108429955 0.5365647634002311 0.09854670615173095 0.041972007295485114
