4 0.38118822033550714 0.48709163898117386 0.17687953734465361 0.154000553709856
4 0.49577539887617406 0.5236211086501784 0.19174767236782747 0.12439245724129444
5 0.4103755323267519 0.584168118466899 0.05291005291005291 0.028431087882307415
4 0.47404128224898745 0.6011580721065646 0.08663245681671139 0.06917025604211524
4 0.5650994575045207 0.5802472624070725 0.1166476904873529 0.09088682941531046
5 0.5820896702810006 0.6118651683393836 0.05694355470140222 0.033699017723681335
6 0.559286392619726 0.5722171347171348 0.08614841948175289 0.03357753357753346
4 0.6331999827934789 0.5357747773906312 0.13292037682281588 0.08674506387921033
5 0.6589022239428743 0.5682588075880759 0.06086806899815034 0.035811072396438215
6 0.6296716217351138 0.518057917611489 0.1251364743428236 0.048776455026454946
6 0.4987874779541446 0.5210156979458449 0.18317512190061197 0.11853699813258645
