4 0.40554794575058567 0.5683481219855313 0.43185307872052625 0.09851409783437104
5 0.630416787672725 0.5495429790736867 0.03185476420701416 0.02644641719797325
4 0.2844438599775217 0.4602288276857242 0.1348420478141332 0.06645226010989558
6 0.29206450891268315 0.45928172678424345 0.07598688038576995 0.05081159091866516
5 0.24880098182567317 0.4729907652361356 0.05750136922976434 0.031078532235939593
4 0.4414235647378483 0.435232562630288 0.12064158690839699 0.17312414507288043
6 0.44167991533936335 0.44182471990019273 0.12027469045119027 0.08451763238128518
5 0.42476445410824565 0.3409206493718714 0.047451314463476835 0.02033942063881139
4 0.5496499959511552 0.4804703140373945 0.10794346886227746 0.07343969655977295
6 0.548982138053604 0.48489984302777733 0.10683229905973779 0.06464773923694112
5 0.545396505816572 0.4956431820762811 0.05352264881154889 0.03107945636500936
