4 0.38248488895738086 0.48373906312409387 0.21789010462149622 0.13676991832331625
4 0.4783950617283951 0.5164366883116882 0.19600769600769602 0.12333152958152954
4 0.45188292165839666 0.5949357535044693 0.08726960367720304 0.06665657918236012
4 0.5478228886939105 0.5734213525716688 0.11322042310317015 0.09105678278438156
4 0.6154365325687485 0.5287344985580078 0.13276777708807508 0.08534380770796224
6 0.612580834803057 0.511739417989418 0.12306486380560455 0.048170194003527345
6 0.5438957475994513 0.5648699294532629 0.09269057417205573 0.034942680776014146
6 0.4853479853479854 0.5119619963369964 0.18179351512684844 0.11389652014652013
6 0.38607676652622636 0.4803075184987715 0.20929528790254093 0.1288894135095115
5 0.28216085908393596 0.5509914764722457 0.057136595598134055 0.03125880529726677
5 0.3911903575580705 0.576164228770731 0.05555950996907649 0.029695174033739002
5 0.5620662941535215 0.6029451305444296 0.05727801677957445 0.0341891039905059
5 0.6393298059964727 0.5601797767393562 0.06057459328487369 0.03581163773920781
