4 0.38652447523075417 0.46881584492203954 0.10504002286556025 0.06365009130495863
4 0.4517294060818477 0.5034564250328581 0.22214358732405437 0.10805277525022744
4 0.4311342592592593 0.5799696180555556 0.08845899470899471 0.06866939484126988
4 0.5213053095189375 0.5564599228273261 0.11400508638077705 0.08742216960449001
4 0.6072040969210195 0.5261758136168513 0.1310822501808997 0.08508972247179786
6 0.6020839134874222 0.5093932403892018 0.12043998886104146 0.04898711988993382
6 0.5164733255500078 0.5523301848125792 0.0902534548856927 0.03551400998584098
6 0.45864024622194555 0.49959798734308536 0.20201496236354616 0.09985475671750182
6 0.39444485845111826 0.4579560697518444 0.08383635144198531 0.03632908562486026
5 0.3721997073060903 0.48349902904424186 0.057694472588089574 0.03333262974220419
5 0.34209085933223865 0.5516690232925865 0.05203159737003926 0.03069315210119805
5 0.5358342004088168 0.5886783691053935 0.057374569229520334 0.03399318637443183
5 0.6294895958701394 0.5571309353498195 0.06036590442885148 0.035978268274405534
