4 0.34466787712801006 0.4690194168860332 0.10715394230074543 0.06365634268039161
4 0.4656298003072197 0.48509104582693297 0.27912897536553444 0.13588869687660005
4 0.43125656421536573 0.5800510544066129 0.08669718407546118 0.06771579737546707
4 0.517412117355819 0.5583103383019297 0.10181622052918538 0.08180298383637574
4 0.6045819321219409 0.5246695500742262 0.13071661232724208 0.08439676829964599
6 0.6013119533527697 0.5073245148181373 0.12237699312529249 0.04669278425655976
6 0.46593847718592085 0.48644585646119387 0.16689929777864337 0.09707615152400434
6 0.3487370690099735 0.4619476933073424 0.0915354229194385 0.043511556669451446
5 0.32629816921852317 0.48472836774827915 0.05872391565606905 0.032922461019806115
5 0.33029763855722555 0.5478297513695742 0.05150536123987448 0.02963021491782547
5 0.6271695921166821 0.55532919186193 0.06036365163349289 0.03552925799949613
