4 0.3828132006098108 0.4923535445251547 0.1722565988102711 0.1670954398708635
4 0.495775398876174 0.5232365879168204 0.1924312647826859 0.12477697797465231
4 0.4740713397044146 0.6026401193552356 0.08749982910189624 0.06632982650424513
6 0.5001751160143595 0.5203056399864912 0.1823082792349932 0.1178515141281099
5 0.4103830084222241 0.5838983320600968 0.05399466183779911 0.02878045157456921
4 0.4745737801293357 0.6018518518518519 0.08612580834803057 0.06746031746031744
4 0.5655496766607878 0.5785383597883598 0.11463844797178124 0.08697089947089942
5 0.5815858453473133 0.6118483326052133 0.056833810656440664 0.03390308722877533
6 0.5631810784789851 0.5715148378191857 0.09457352452521528 0.033068783068783136
4 0.6331699346405228 0.5358784138655462 0.1329235397862849 0.08698792016806728
5 0.6585429537012404 0.5684274408087258 0.06133427921137413 0.03588609559279954
6 0.6294860752225093 0.5184108527131783 0.12530248964357493 0.04868032484311546
