4 0.4538431100731011 0.5296534752330948 0.26905598681754395 0.08399953655428105
6 0.4895020938230794 0.536456360000112 0.08970187401559954 0.059444232238349826
5 0.5887261330645526 0.5614066286348071 0.039218550899643545 0.02810562183283749
6 0.3910989128744573 0.46311100959342166 0.11957736413347803 0.07125272828790413
4 0.3831731469346148 0.4707181993592544 0.09121725482581744 0.049489405854084734
5 0.3803047775449178 0.47473355589039423 0.05661805611925719 0.03284178109295782
4 0.6259843216364955 0.44688656538423616 0.0979160399450254 0.1647154820679665
6 0.623909310312819 0.43070240705931495 0.09349763297131719 0.056005900167084455
5 0.6181018995021094 0.5357909916543937 0.04586496588241573 0.019687857961053767
4 0.5129912047123376 0.4057085797281875 0.13999838618574995 0.19523550160805064
6 0.512861901542405 0.3777835579926727 0.13090133203494875 0.08576424860183302
5 0.5469701522412049 0.5095928191424772 0.048213974203234033 0.02218013251561085
4 0.3602908937214447 0.3916952459521984 0.11691439455981023 0.06095766402464148
5 0.3500799208306967 0.3926513411921624 0.05933540140192484 0.03357006445452376
6 0.4001606942344589 0.3845726193318101 0.032453035854802414 0.036275799808265785
