4 0.6053443137761281 0.44946112742854233 0.1704364073590332 0.18993894889102003
6 0.6083354623361759 0.4239537919892431 0.14488359460344813 0.08900703694234585
5 0.5389456760221386 0.5489188033020966 0.0491545453147777 0.02287681790328122
4 0.46497171993203734 0.46703978065585205 0.09749032566492882 0.05798393075178793
6 0.46829273019749207 0.45085742630385484 0.0884256836637789 0.02384768009768007
5 0.4608476540294722 0.48001294396890987 0.05397044033407672 0.03191359618916434
6 0.46109608750135267 0.5343006206075684 0.10955275761056477 0.08003093046172749
4 0.46093982997482463 0.5487805130940404 0.08900346475461357 0.048786587550837424
5 0.4608808543993729 0.5562100418871252 0.054379776601998775 0.03410218253968256
4 0.4706421785136401 0.4038877282640631 0.1282185693275712 0.07318704752111249
5 0.467475410545859 0.4071234004725258 0.057783731253118975 0.03245449218481289
4 0.3353069207702454 0.4609021926530702 0.13683100687270033 0.1716602866983546
5 0.36800937518922455 0.39115719399088045 0.04773967226886244 0.010285490952863852
