4 0.39233457443333986 0.48753490593768367 0.224541119602848 0.15156525573192242
4 0.4786053769349312 0.5166718346344175 0.19525534112496823 0.12321247973543614
4 0.4519400352733687 0.5950727513227513 0.08612580834803057 0.06712962962962954
4 0.5477660199882421 0.5732473544973544 0.11375661375661372 0.09093915343915338
4 0.6158409305004537 0.5288665518618348 0.1321108025821125 0.0856356693620845
6 0.35693289661543626 0.5111201506088686 0.11757789535567315 0.06464286474706132
6 0.4853306556469573 0.5123247595875333 0.18022889069117776 0.11368902792260466
6 0.5433915609795006 0.5654512642577969 0.09106378453112118 0.03639227885459051
6 0.6134549336303722 0.5115653717627401 0.12600946811473124 0.0475146198830409
5 0.6396318040153657 0.5604705733130391 0.06039960377859921 0.03556026672465029
5 0.562219645172461 0.6028911564625851 0.05778228761485993 0.034297052154194985
5 0.39127644002927453 0.5760463907785336 0.05548956796122334 0.029610058309037846
5 0.29186080181105056 0.5597477641554134 0.04672405169917604 0.02674499526178631
