4 0.38336376831952046 0.494196365330543 0.11978898409576871 0.07346637876439505
4 0.4781979036721584 0.5163972770680088 0.19572417946401682 0.12340301974448326
4 0.4517827416122536 0.5946167631848849 0.08646556265603883 0.06692094159025375
4 0.5479113948316847 0.5741159630425935 0.113344452112568 0.09346493381819476
4 0.6149743848156546 0.5284034685275143 0.13395481649449903 0.08556920532111367
6 0.6130113170961006 0.5099602308520051 0.12412372356349954 0.045310420675188146
6 0.5444841754365564 0.5633503401360545 0.09230187801616374 0.032977934763649075
6 0.4851529089001856 0.5114888782517226 0.18126592200666264 0.11400481430265491
6 0.3909652153147365 0.48479126055880445 0.0926840892092185 0.04075582474705286
5 0.37228984968856793 0.5066295693936945 0.05776355905554875 0.03288626276473344
5 0.39048651219982855 0.5758007189304899 0.05351589321054967 0.029660931378488575
5 0.5617304602472439 0.6025565964090553 0.05699912023097031 0.034036838779227474
5 0.6396512603539992 0.5598705913004915 0.06051924146330345 0.03573715749508266
