4 0.4057656515413812 0.5619461686364253 0.43248482188574355 0.0829849028705184
5 0.6331823010631493 0.5570387214237384 0.027820260133680996 0.026096936763522538
4 0.28366773065815476 0.44052900552986046 0.11967491561654803 0.17406688127447356
5 0.25651633733891027 0.36771822550158273 0.046179266647942 0.009778301564528247
4 0.44099026860826274 0.4354883085239995 0.12110588253656102 0.17361433880336785
6 0.4415089426275109 0.44160141685309473 0.12014251387853181 0.08355971023756259
5 0.4248728170519 0.34104895366042887 0.046661265127958096 0.020652184964118303
4 0.5495133763125787 0.4805233773036593 0.10753439671138526 0.0739376191076252
6 0.5488755667582562 0.485014731929968 0.10653919809856854 0.06482474964234625
5 0.5453191329069972 0.49567612779140613 0.0534631479745824 0.031073322002907633
