4 0.4157670769934834 0.5711949402034957 0.43146671960580696 0.08820652482176661
5 0.6422490376195815 0.5618569870597503 0.02953532982120466 0.026107163406963063
4 0.32219812240516177 0.47739204377403127 0.13337057850515405 0.07116977225672871
6 0.3557281072554077 0.48316874992132725 0.021898222547325263 0.037231883237037855
5 0.2902465558163466 0.49270557571003687 0.056547879636926146 0.030813886982383853
4 0.4414560319338854 0.43541899655211597 0.12057277495843355 0.17370421991624185
6 0.44171394573001 0.442021060432205 0.12005694736618433 0.08381741250717151
5 0.42542852770125494 0.3408322264856356 0.04773200985322196 0.020220467663649433
4 0.5498307573041229 0.4804021731872893 0.10743941926864436 0.07336831549592482
6 0.5493358192551703 0.4846958574658671 0.106171513898355 0.06441433936612334
5 0.5456142784482361 0.49584596635158434 0.05350454788657044 0.03102520658700436
