4 0.6692057416749153 0.44727753690128536 0.1332794741221942 0.16188700657567995
5 0.6728825224760184 0.37764953542392565 0.047102851980900806 0.004960317460317498
4 0.548084028520194 0.42191806690813727 0.13043544746103064 0.1659108812236551
5 0.5301175637303784 0.5102340471129716 0.04529734347442682 0.016082279265873023
4 0.5009298969481548 0.5542999047241037 0.29425895188686557 0.0602749985395038
6 0.5458179370752876 0.5563874939604575 0.08202568086691231 0.054924234625246315
5 0.657248719849364 0.5606151807465214 0.028489209246053138 0.025048128535447356
4 0.3441061517545536 0.4578516250444761 0.12347600817920451 0.07160377317697525
4 0.4445283956167775 0.435711787993456 0.09085459518189654 0.1353608582168771
5 0.45176634504992974 0.37705415541521115 0.047079681125325235 0.004948386879411959
