4 0.3897055046398279 0.44245550161812297 0.2554473785199085 0.11630258899676377
4 0.46791203253788294 0.48624587887895643 0.2861462045135515 0.12851365556813188
4 0.4311010697872011 0.5801217993280037 0.08721790960233783 0.06788755648244704
4 0.5172953291232861 0.558115719406042 0.100984240769187 0.08352534562211977
4 0.6049382716049383 0.5249007936507937 0.13051146384479717 0.0855158730158731
6 0.6015589348922682 0.5075653513153513 0.12271678938345598 0.04804223554223558
6 0.4682989024814927 0.4873432918815084 0.16878419213875684 0.09541502375897276
6 0.35569286128570243 0.45808032385213593 0.1059384728288531 0.06358527751145204
5 0.26567859573108915 0.49334653480814894 0.044265300170811955 0.028219128858892606
5 0.3261461952449077 0.5439318073438244 0.04825487658105687 0.030443150078343195
5 0.6269371653987039 0.5554192207484315 0.06052826565647074 0.0356112626451488
