4 0.502234554009223 0.5503040575864919 0.2942026381147878 0.06768144004589782
6 0.5467086519492756 0.5548544603072664 0.08678270583032477 0.056432902415045394
5 0.6574226848323312 0.5634430827936026 0.02959394076394284 0.025192468784812516
4 0.6674661982927566 0.44757845824918996 0.13715079771990335 0.1618343081757716
5 0.6730885701942719 0.3777723046462179 0.047325997300640466 0.0049601377777317435
4 0.5486313831620345 0.42244657681080094 0.13973778102130585 0.16618488870644044
5 0.5274067924049176 0.509954856833372 0.04574329002525479 0.016324224352908145
4 0.4405699287589051 0.4373772254619488 0.08887777916649303 0.13527554532657105
5 0.4462576182167526 0.3789474146024726 0.04665634745687158 0.004661437082664255
4 0.2907494450645927 0.43310263920382963 0.0999412110523222 0.17451656588561354
5 0.2884700176366843 0.3611843885281385 0.04916225749559078 0.006053841991342013
