4 0.6371283771434949 0.43604752963156024 0.1549036571110971 0.1632674188837699
6 0.6384420534308678 0.41987922126344945 0.11274457583182418 0.06641498881431762
5 0.5782556377599505 0.5214578410384789 0.0507321852446867 0.02412935299133301
4 0.5515349241144246 0.4130767344035645 0.17060206135094785 0.19309637856771839
6 0.5539503191305848 0.3870494770488841 0.14682684195650675 0.0909611156290473
5 0.485060607924114 0.5142600061103014 0.050753211690159505 0.02455030361379751
4 0.42053217222247774 0.5402541674607786 0.29803763980979175 0.07855601126628264
5 0.5754416005021618 0.561487711147657 0.03260869688507051 0.025729912197691385
6 0.4672542030798881 0.5481469627674984 0.09344436427769759 0.059989764230835574
4 0.4228396817670679 0.4190934886499402 0.12978169423144864 0.16027692438982766
6 0.42281354524152875 0.4284091465804429 0.1298172182945846 0.1392257005682931
5 0.45011862127325203 0.3322933733990445 0.05121546329216675 0.02293632444591237
6 0.3044407302589904 0.4171515900359569 0.11162494474294651 0.13793613196067972
5 0.29798335496819217 0.3394732520151983 0.048837570214652015 0.02078894570505313
