4 0.43570869688869374 0.41112533254893646 0.13092794395903629 0.07355053858098276
5 0.42839049117969497 0.41514228337005576 0.058009171337385035 0.03312767496172769
6 0.4669511985287458 0.3953338797802447 0.06207324643078832 0.04031989890928439
4 0.5616549144730384 0.4067232779962138 0.1251961878873193 0.07190184942478517
5 0.5710611329265427 0.4135768635308228 0.058582808825763166 0.03353715543948782
6 0.5414462081128748 0.38723544973544977 0.08348030570252801 0.0328483245149912
4 0.46652776773624005 0.46973929576060797 0.09724790032630187 0.061860271751961515
5 0.46275398457938144 0.4839490749088964 0.055249956043606774 0.032592136386779214
6 0.47011297011297015 0.4537062572776859 0.08767270672032579 0.026429490715205006
4 0.630108876873958 0.49350616066546904 0.35847115307658417 0.22026494441406963
5 0.4614846966939319 0.5997230733432033 0.04769427568850365 0.02646088279205161
4 0.3495026316585223 0.4703151713157204 0.17084285572201297 0.16082863635022288
5 0.4156367251605347 0.5516377462831465 0.05056076484647909 0.022381825575687353
6 0.373987474785878 0.49484364604125086 0.11168139910654878 0.05940499952476003
