4 0.41584205070210156 0.448795135102387 0.13833353528010017 0.16263025566460687
4 0.5030458967725913 0.4245179666958808 0.1215302560626828 0.1926307332749051
4 0.6201103423325645 0.42197021241997873 0.11757789535567309 0.18055591215637945
4 0.4808659730359954 0.5686887450729732 0.08640791638554501 0.06708080323852139
4 0.5718449931412894 0.5737433862433863 0.11096413874191646 0.0851521164021164
6 0.6193776910722908 0.4301481998758535 0.1145399190091928 0.08659772102509533
6 0.5032206119162641 0.3959011140688159 0.11803433128484891 0.08380163659666767
6 0.4166048558571923 0.4678691959649903 0.10796288054855024 0.0621198635217326
5 0.3672098141124689 0.3619934330664419 0.05173947651823757 0.024801587301587324
5 0.5168873322237955 0.5279943550190029 0.044712720769058745 0.020842648483493598
5 0.6173446830012488 0.32228398705671435 0.0482215128679776 0.02049717958808872
