4 0.6365027742827065 0.43619763640209874 0.15421948977073663 0.1629333534798929
6 0.6384420534308678 0.41987922126344945 0.11274457583182418 0.06641498881431762
5 0.5782556377599505 0.5214578410384789 0.0507321852446867 0.02412935299133301
5 0.4844593573228633 0.5141472716225669 0.05075321169015956 0.02455030361379751
4 0.4202665595070658 0.5392775517379947 0.2980376398097917 0.07895695197910385
5 0.575000683394578 0.561818398978345 0.03260869688507051 0.025729912197691385
6 0.4663449975949976 0.5477486922799423 0.09344436427769759 0.06059478715728717
4 0.4222013118432007 0.4194444444444444 0.13139329805996447 0.15965608465608466
6 0.42194369852448577 0.428893200798838 0.13119445308987787 0.14116642027181237
5 0.45065291799390433 0.33236066700077005 0.05139310896057492 0.02348242253481264
4 0.2900275597188322 0.4246713507455888 0.1405603251041604 0.07151623348066061
6 0.3216644108116976 0.417358803986711 0.07321274763135227 0.05514027316352893
5 0.2547641824527736 0.4351752156430768 0.05990178359172307 0.0335296392605835
4 0.5515217067949738 0.4132140622531534 0.17136639495640715 0.19324061255373454
6 0.5534957289475362 0.38700038248231017 0.14653587896559794 0.09046901893287435
