4 0.44478688481668904 0.408566873590013 0.12855651988400058 0.07329631107564066
5 0.4394046660787666 0.4121479725378202 0.05791102021260747 0.033016913597270825
6 0.4794812860896437 0.3872084548104956 0.05861755132892155 0.030369290573372176
4 0.572584489251156 0.4068535212508426 0.12753229419896084 0.07234067613531897
6 0.5461808187102133 0.39093144396863716 0.07503529820567556 0.04052794250076641
5 0.5847682511090115 0.4135860953338635 0.058304005495434574 0.033569991747051664
4 0.46829797692948977 0.46927024769538894 0.09673285724760927 0.06136982655344231
5 0.4649637035521247 0.48353877317205973 0.05512462818209596 0.03260418072668608
6 0.4716969346583768 0.45321010428459974 0.09012611464054815 0.026433860288390565
4 0.6373704103081895 0.49534442772887305 0.33864422962167334 0.2293473432257892
5 0.4831447820316268 0.607229981031631 0.048864610648582996 0.0257469176037719
4 0.3718587332996399 0.4780420625819135 0.144588926294269 0.15378690658220484
5 0.4160956695964452 0.5579685205928273 0.04787212453857864 0.019686961501840017
6 0.38655617359321065 0.49962244117336707 0.101034082515564 0.04762705572890752
