4 0.3214689168108166 0.47076731130388094 0.21618623703145856 0.12351772250821552
4 0.4696435251990807 0.4878584956709956 0.28058361391694725 0.13471771284271283
4 0.43083076852140034 0.5806489262371615 0.08703069705248356 0.06678597364871874
4 0.5168596513224735 0.5580827479886753 0.10133408151237988 0.0818831206755577
4 0.6053084242384653 0.5246963425527164 0.13064210595074788 0.08443790474367563
6 0.5989978535198173 0.5072309123907961 0.11655250673338535 0.04604635781961369
6 0.47221808587773484 0.48864054451802796 0.16012931680843812 0.09723536213602446
5 0.29180956185473916 0.48933503092605257 0.06959053143792099 0.03994696987558838
5 0.33352331047936623 0.5497020619609044 0.04976267034144849 0.030304190272036013
5 0.6273047939714607 0.5554428210678211 0.059857837635615474 0.03569925444925448
