4 0.5502961758591006 0.48044113442830794 0.1075703442034402 0.07363626691977049
6 0.5496389755649016 0.48482940562782273 0.10664918072325491 0.06444173110839774
5 0.5460260567787449 0.4957517281105991 0.05347897821016101 0.030801971326164912
4 0.4880269581318162 0.5402259550374544 0.10676340491495528 0.07427364481843135
6 0.49124415996583054 0.5385341747993175 0.094801222805036 0.044929121956358675
5 0.4781905900407428 0.5633190136380103 0.05347314767890249 0.03221273563951921
4 0.46422303944944904 0.40599564523206066 0.10558114560451692 0.05530348020488246
6 0.48424274614750806 0.39974604706747563 0.06554173220839882 0.04261276582705148
5 0.44174412601735225 0.4115896436625194 0.0556438867753733 0.03048700912551422
4 0.3850796203288923 0.47520179756503855 0.1387704392216158 0.07389610200247221
5 0.34448722907157125 0.4931723653348956 0.05973343342189191 0.03220181224115848
6 0.4023624953857512 0.46523163528977485 0.10007792953529393 0.0539867109634552
