4 0.61005105090217 0.4316780178147955 0.12210144628156083 0.1572402559843996
6 0.6096443336283406 0.42325247429046103 0.12218315838646654 0.13571085440693964
5 0.5918655871574893 0.5169624641287777 0.04631450017514038 0.021193446776073932
4 0.4846578199291377 0.4660812782179061 0.09708852732108547 0.06276117831350392
6 0.4868032484311554 0.44758213362864524 0.08425276513131807 0.02095637996800792
5 0.48319275285153973 0.4808756943004723 0.05456384460187952 0.032313384282272095
4 0.49757735431394046 0.3918406014373339 0.12504430094521884 0.07104170748408067
5 0.4969218957521385 0.39594248480355376 0.05732815338747449 0.03274073220200052
4 0.4246778805709801 0.5032700733623651 0.2628932005693672 0.10688256863973272
6 0.4602837771604824 0.5194039473222921 0.09538749264183416 0.05689574994174179
5 0.554030136423263 0.5483960855552121 0.04297985334887966 0.028475351629008605
4 0.3539732486031561 0.3966681774610319 0.23787196799199803 0.15472432096119265
6 0.31744031878152046 0.42113498034065366 0.12205860292412513 0.06777919155534501
5 0.24671603673993162 0.47016718471691593 0.04761588692293589 0.02459576216296655
