4 0.6106087845708918 0.431866090460258 0.12165614509658385 0.15730307684040523
6 0.6105020883524878 0.42345738449700865 0.12197746039430868 0.1364222386485458
5 0.5924436386102785 0.5169661170687245 0.04671420922292757 0.02139036723778398
4 0.5022724062538858 0.39410986223099226 0.12518202662681505 0.07108232969301087
5 0.5014589943930273 0.3978287204754529 0.05823481574192407 0.03334589150546524
4 0.4847473511869832 0.46593805771205077 0.09714635326598914 0.06275646536385754
6 0.48639123171576415 0.4479837864738854 0.08629169795286412 0.021609303787521572
5 0.4830965479113627 0.48085087147587147 0.05469959173662886 0.0325961263461263
4 0.44475271199350097 0.5161819741479206 0.26452761780114203 0.09952057285042487
6 0.47961050462641935 0.5292095676696715 0.09308045384674657 0.059543939721189654
5 0.5771770344840952 0.556477509217657 0.04048284015443293 0.028444291067443728
4 0.3240232247052961 0.3818661950847308 0.19067143974382725 0.17044377624219764
5 0.2584167719775769 0.4503994292380119 0.046290509982548494 0.015623047119110112
