4 0.61005105090217 0.4316780178147955 0.12210144628156083 0.1572402559843996
6 0.6096443336283406 0.42325247429046103 0.12218315838646654 0.13571085440693964
5 0.5918655871574893 0.5169624641287777 0.04631450017514038 0.021193446776073932
4 0.4891504086274832 0.3894110184371647 0.12464355334129229 0.07118265928421297
5 0.4868395086551314 0.3926801631982842 0.05752711593668669 0.033214229862716826
4 0.4846578199291377 0.4660812782179061 0.09708852732108547 0.06276117831350392
6 0.4868032484311554 0.44758213362864524 0.08425276513131807 0.02095637996800792
5 0.48293044581358757 0.4807993830084347 0.054914841792236324 0.03269050952240604
4 0.41331896270167867 0.502094356261023 0.2674897119341563 0.09883891828336278
6 0.44947374679884966 0.5159860715416271 0.09277683145995902 0.05746054357165453
5 0.5466816715201728 0.542146366508146 0.04129461785874999 0.028510269321594173
6 0.3739605946955953 0.4378995187818717 0.11954830552928475 0.066661279896574
5 0.3612990396300854 0.4444979339914873 0.05544260561281211 0.03079932849761524
