4 0.6224873852717293 0.43485562668574784 0.125123355706793 0.16361505650348668
6 0.6191270941784075 0.4178106642791025 0.10573502648754818 0.062227328724414555
5 0.5813910009111836 0.5224064498858085 0.04895269205518393 0.02263319455619761
4 0.5158058744447469 0.3923831846704777 0.1577041334088447 0.19670768095331964
6 0.5164404888059388 0.36562845532173704 0.14149823909538117 0.08956504871351706
5 0.4596101284835553 0.4964581532215705 0.04932786665779243 0.02285312047086413
6 0.38994836095041996 0.46309878725855474 0.1175829390196812 0.07114285101480533
4 0.38280358439672163 0.47040951797385616 0.09126335719472978 0.04923844537815125
5 0.38014503090992624 0.47465010667003416 0.056297328841612315 0.0326435675167559
4 0.34574351103228024 0.3966174400033623 0.12300360568470392 0.06532033231062356
5 0.32961483854341 0.40306001522519386 0.05556478770764489 0.03138839634375351
4 0.4119151503131868 0.5328207671957672 0.2745432051545393 0.07523148148148151
6 0.44772513801888003 0.5391565749863163 0.0782839033158318 0.056221682478866275
5 0.5554111135571362 0.552629023605829 0.0338893963688055 0.027834078527526618
