4 0.4121863799283154 0.5331541218637993 0.2742219946521021 0.07456477214541729
6 0.4480287300141815 0.5393530927067512 0.0778873735655935 0.056117662824979986
5 0.5554981555038258 0.5527745346307351 0.03360925242596169 0.02757345057979954
4 0.6326980284062156 0.4361909660600891 0.13579299887629148 0.16254678092965236
5 0.5856193026672714 0.5230364400149741 0.049919961184848316 0.02294348222271536
6 0.631158157819868 0.419540201408518 0.10907595270789228 0.0638390347921628
4 0.5418157074685239 0.3960378013115408 0.20346103791132492 0.1925006178021953
6 0.5506049703061523 0.37194227200123425 0.15639448291439906 0.0956116079936834
5 0.456133601721586 0.4954920289501702 0.051429041017708066 0.02469999349799651
6 0.39568302068302064 0.4651481331168831 0.11852653519320183 0.07193587662337664
4 0.38780932451145717 0.47305109766745107 0.09167636403076063 0.04986705850836748
5 0.3850820163456329 0.47710635179997923 0.05633940819126004 0.032987732129889036
4 0.34124265875765547 0.41216122419350426 0.2946343396938317 0.15983965303172998
5 0.4827979822729377 0.3379564606741573 0.053046175591591915 0.031071651507044773
6 0.30498469253489335 0.43269871085598277 0.1701147283476601 0.09409531112414071
