4 0.6346889317330908 0.4388135633036956 0.15531722236736822 0.1623755143650381
5 0.6738435421331801 0.36951578384162653 0.04574308569314811 0.009660543368408547
4 0.5374307006169365 0.421363137453563 0.15220152795671577 0.1658716086907575
5 0.5041022103342727 0.5080493710209772 0.046417236659139105 0.01839974748953832
4 0.49921909861668895 0.5498930244788678 0.29562695225345836 0.06768144004589782
6 0.5446317351079255 0.5543483054643769 0.08678270583032488 0.056432902415045394
5 0.6555625751313976 0.5625086373687119 0.029613835583984782 0.02523345573718716
4 0.31600527841844805 0.44254779208524214 0.10759233330362844 0.15744901479004392
5 0.3031698048309345 0.35727447012746016 0.04941818895307265 0.017040207031901344
6 0.31239446133063153 0.42346008016853504 0.09521933280798528 0.04693704652416908
4 0.42033963286543924 0.43835023940872253 0.08914592713286329 0.13535235226523673
5 0.4258970858000062 0.3799328061905646 0.04618630384525191 0.004639813141245452
