4 0.4641533715788476 0.3961180438076215 0.12482691062612122 0.07079828768907093
5 0.4587531510501709 0.39974604706747563 0.05771077199648633 0.0332283814426671
4 0.5832032948435065 0.47105878579092864 0.1345851874952404 0.17745564620564624
6 0.5803338549817423 0.46939623854236534 0.12854907221104417 0.08575760116253078
5 0.5600869093919882 0.5642765392304256 0.04790093800045747 0.022082264328746826
4 0.4658963293100355 0.4651346794484189 0.09810767360584272 0.062098447121274825
6 0.4701367283758997 0.4516272309572098 0.08952955045233763 0.030588354873312518
5 0.4623236701641943 0.4796324238165818 0.05452944400137477 0.03214077739315119
6 0.469903640685399 0.534228527559802 0.10972335576927755 0.08050911029392988
4 0.4683146742325486 0.5488249798711755 0.08898218439281247 0.048794427191166445
5 0.4696144020720193 0.5560405729633363 0.05415567190028209 0.034048129508328584
4 0.3560198925845185 0.4610249827086562 0.130299152407996 0.06596428790306336
5 0.3423114218502077 0.4658554510075087 0.05705511214823289 0.03070637782208746
