3 0.5447530864197532 0.33217592592592593 0.20326278659611996 0.12334656084656082
0 0.5191798941798942 0.3212632275132275 0.12742504409171085 0.08763227513227512
3 0.5456349206349207 0.4001322751322751 0.294973544973545 0.16203703703703703
0 0.560626102292769 0.38277116402116407 0.1618165784832451 0.0757275132275132
0 0.5246913580246914 0.4298941798941799 0.14373897707231037 0.07804232804232808
6 0.6946649029982364 0.47040343915343913 0.061287477954144576 0.05191798941798942
2 0.7336860670194003 0.484292328042328 0.05555555555555558 0.048611111111111105
2 0.4887566137566137 0.460978835978836 0.1917989417989418 0.11177248677248686
5 0.7934303350970018 0.5930886243386244 0.04805996472663143 0.04596560846560849
6 0.6119929453262787 0.5881283068783069 0.20899470899470896 0.1610449735449735
4 0.5233686067019401 0.5934193121693121 0.5105820105820106 0.1709656084656085
