4 0.6369391637037639 0.4361372216088677 0.1549036571110971 0.16251762190243907
5 0.5778863775049141 0.5217743340213361 0.05130665802554535 0.024093579902033535
6 0.6384420534308678 0.41987922126344945 0.11274457583182418 0.06641498881431762
4 0.551304211141386 0.4130767344035645 0.1706020613509479 0.19309637856771839
6 0.553102849193372 0.38702816170456456 0.14598621964874664 0.0909611156290473
5 0.48530557082609405 0.5147503638199862 0.05075321169015945 0.024550303613797397
4 0.42053217222247774 0.5402541674607786 0.29803763980979175 0.07855601126628264
5 0.5754416005021618 0.561487711147657 0.03260869688507051 0.025729912197691385
6 0.4672542030798881 0.5481469627674984 0.09344436427769759 0.059989764230835574
4 0.4228396817670679 0.4190934886499402 0.12978169423144864 0.16027692438982766
6 0.42281354524152875 0.4285888682275558 0.1298172182945846 0.1392257005682931
5 0.45124340981300665 0.3321668346883222 0.05121546329216686 0.02293632444591237
4 0.323053443444017 0.42210542580783617 0.11543537873771637 0.1683788506362121
5 0.3429512271444949 0.33293027546189563 0.050263583356001174 0.019157045858511412
6 0.32911593781767745 0.39795049245852565 0.09792036026765977 0.04930366997861485
