4 0.6053443137761281 0.44946112742854233 0.1704364073590332 0.18993894889102003
6 0.6083354623361759 0.4239537919892431 0.14488359460344813 0.08900703694234585
5 0.5389456760221386 0.5489188033020966 0.0491545453147777 0.02287681790328122
4 0.46497171993203734 0.46703978065585205 0.09749032566492882 0.05798393075178793
6 0.46829273019749207 0.45085742630385484 0.0884256836637789 0.02384768009768007
5 0.4608476540294722 0.48001294396890987 0.05397044033407672 0.03191359618916434
4 0.4679995768631253 0.4038581377210205 0.12810634460043285 0.07317870007889837
5 0.46526907841713955 0.40681994783250264 0.05774063457931311 0.032685810622306355
6 0.46109608750135267 0.5343006206075684 0.10955275761056477 0.08003093046172749
4 0.46093982997482463 0.5487805130940404 0.08900346475461357 0.048786587550837424
5 0.4608808543993729 0.5562100418871252 0.054379776601998775 0.03410218253968256
4 0.35701257819996685 0.48492731563485747 0.1263329579694802 0.07447529309376649
5 0.3392744035399403 0.49891753745037637 0.057901929370855976 0.032743094183772026
6 0.36068936431255266 0.47856280193236705 0.09949390384172985 0.044642857142857095
