4 0.5502961758591006 0.48044113442830794 0.1075703442034402 0.07363626691977049
6 0.5496389755649016 0.48482940562782273 0.10664918072325491 0.06444173110839774
5 0.5460260567787449 0.4957517281105991 0.05347897821016101 0.030801971326164912
4 0.44435881810805233 0.40766670056605214 0.13809610246204085 0.07184626993310878
6 0.4756054702621262 0.4020053633517491 0.0706187453780665 0.05880505688693338
5 0.4208527902445397 0.4130808545188627 0.0580919242466969 0.03140862261797228
4 0.48778862456014915 0.5399578297693292 0.10676340491495523 0.07427364481843135
5 0.47770248992164643 0.5632125690573169 0.053473147678902544 0.03221273563951932
6 0.4782123507199744 0.5239900402229496 0.06739183961797146 0.015523552299716026
4 0.38212033929032385 0.47229098786023316 0.1328906607275624 0.06817486525723337
5 0.35146738910991093 0.48202648295392264 0.05500793981679292 0.030500260788238642
6 0.4003267254971357 0.4671913587941644 0.06009901325673506 0.046153276151890354
