4 0.602320317648118 0.4548359056144642 0.13873422958400516 0.16522416657967082
6 0.5893310717872121 0.43157976017468497 0.10653738723914175 0.05350734791524259
5 0.5653841183347144 0.369164370450891 0.0470220847969115 0.01915718839689623
4 0.46470021736588873 0.41944868193628027 0.10475785533869447 0.056543958296725816
5 0.4429536636525688 0.42678204846218704 0.05539466663408166 0.030930386011217448
6 0.4803716193679618 0.4136802174433015 0.06891949534968017 0.043020269478476425
4 0.4958721814146577 0.4991448478763984 0.11615541513515953 0.07449449038542644
5 0.4831003645987403 0.5166725346261538 0.05428844777615521 0.03155233715410932
6 0.5063082887387947 0.4896641491494039 0.08413461034827957 0.03591928624225482
4 0.37061782384911635 0.4731731402238315 0.14599755246013746 0.076519182941994
6 0.3882484076044551 0.46532037199464127 0.09487496011766738 0.057120431909648384
5 0.33569355082357444 0.48711778764970254 0.05772093242542414 0.0315641805003507
