4 0.44478688481668904 0.408566873590013 0.12855651988400058 0.07329631107564066
5 0.4389615333073257 0.4120233414458524 0.05791102021260752 0.033016913597270825
6 0.4794812860896437 0.3872084548104956 0.05861755132892155 0.030369290573372176
4 0.572584489251156 0.4068535212508426 0.12753229419896084 0.07234067613531897
6 0.5461808187102133 0.39093144396863716 0.07503529820567556 0.04052794250076641
5 0.5847682511090115 0.4135860953338635 0.058304005495434574 0.033569991747051664
4 0.46829797692948977 0.46927024769538894 0.09673285724760927 0.06136982655344231
5 0.4649637035521247 0.48353877317205973 0.05512462818209596 0.03260418072668608
6 0.47245492847344706 0.45305955136684306 0.08634626690182245 0.025662753527336934
4 0.6370965487506841 0.4954984748549699 0.3386442296216734 0.2293473432257893
5 0.4834024058757267 0.6071619352869353 0.049546487085721236 0.025755494505494525
4 0.3680037470687877 0.4857161440621806 0.13748504602163142 0.15532600326807644
6 0.37994896232846453 0.507142716505903 0.10298097560514868 0.04493741343014157
5 0.4079254473535421 0.5665439440940209 0.04745450815733304 0.01942906538525002
