4 0.5918720875962655 0.4711978737545533 0.13752921311996358 0.17728756270818435
6 0.588271484304316 0.468015452304953 0.1306465738750281 0.08256451805528409
4 0.4739510564732829 0.5504023264104163 0.08893026632039824 0.04864175125520076
5 0.5667095471660184 0.5643262948848362 0.04778319388132157 0.022954128350807346
6 0.4743520565745839 0.5354360611384791 0.1104156782492347 0.08110104754586728
5 0.4745480520469606 0.5575803845150403 0.05415006823437701 0.03395533999856459
4 0.4783539725289192 0.46503898343032335 0.0979785564885664 0.06220213295220417
6 0.47909797305932567 0.4464285714285714 0.08658589576463971 0.020847711065102414
5 0.4763323421059331 0.47978105261488546 0.05420572564361814 0.03277244243264554
4 0.48710753932357753 0.3888166658851225 0.12524915759390165 0.07108219914263936
5 0.4842444566143159 0.39206111497757445 0.057062336508217015 0.03247582671300103
4 0.37665075539967074 0.46299298838495795 0.10805000254891195 0.06623804336672562
5 0.3656283792369368 0.47404718522928946 0.05471579530870657 0.0325951452627839
