4 0.4121863799283154 0.5331541218637993 0.2742219946521021 0.07456477214541729
6 0.4480287300141815 0.5393530927067512 0.0778873735655935 0.056117662824979986
5 0.5554981555038258 0.5527745346307351 0.03360925242596169 0.02757345057979954
4 0.6321594986347006 0.4359101690763536 0.15397070594025242 0.16154589007897102
6 0.6338223298687855 0.4193874186256814 0.1134492375250975 0.06524099761804675
5 0.5747031724609821 0.5211322820628976 0.050694470550956106 0.024063567880302617
4 0.5476335205675833 0.39612126883578075 0.21113238888457253 0.1907629833774377
6 0.5543688551152023 0.3731000009530048 0.15934752610880015 0.09672546850290459
5 0.45002019447759045 0.4948712549124221 0.0517081723551332 0.02376514942517316
4 0.35552440591200285 0.3898915526822504 0.13026869616016906 0.06254801312940844
5 0.3447491294713517 0.40262696175950485 0.05666915389137611 0.03370746231737609
6 0.3814463497158033 0.4601392786924813 0.1202626156837584 0.07089385968565814
4 0.3731242212470881 0.46729407064304673 0.09134357826052936 0.04951852754753777
5 0.3698597036638468 0.4712651892206977 0.05667154913859246 0.03299872208770516
