4 0.4448555234345216 0.43546296280860786 0.0924987804420428 0.1357602536680551
5 0.4525594253899917 0.37705481922410566 0.046847817070353404 0.00540131843116648
4 0.5012987878057843 0.5514749399635568 0.29596200620165763 0.06548915862641358
6 0.5459009270581513 0.5551973540254536 0.0861069552916327 0.056432902415045394
5 0.657254395859971 0.5624964573240763 0.02959394076394284 0.025192468784812516
4 0.34576941395482763 0.47113245907443824 0.11564709555533798 0.07409400637331348
6 0.35129814199581644 0.46182862679955705 0.09433575325048194 0.03656792174234036
5 0.3315371122910805 0.4874938468688469 0.05906885867203321 0.03316331441331438
4 0.6689137435904228 0.44727753690128536 0.1332794741221941 0.16188700657567995
5 0.6728825224760184 0.37764953542392565 0.047102851980900806 0.004960317460317498
4 0.5477920304357013 0.42191806690813727 0.1304354474610307 0.1659108812236551
5 0.5303922784391535 0.5100795200892857 0.04529734347442682 0.016082279265873023
