4 0.40597425259124664 0.5606550284560274 0.43460549218056554 0.08060655868428512
5 0.6338183421516754 0.5589657738095237 0.02733686067019392 0.026661706349206393
4 0.26730686551458127 0.43501913734588754 0.12938991310693193 0.15391297247375768
5 0.2779095358974862 0.5033082447855175 0.04311853144830258 0.005739210284664731
4 0.440689830724195 0.43543405334642443 0.12136584301532749 0.17386679757813772
5 0.4246152801216986 0.3407548591063885 0.048321871817562034 0.020338185127663666
4 0.5495059487799959 0.4802072305404316 0.10770860740612703 0.07441038839915876
6 0.5491158451684768 0.4847731307435255 0.10732850645131348 0.06526733500417714
5 0.5451586212903086 0.49572098355956834 0.053889868704683375 0.0312224883811395
6 0.44105235823027233 0.4418638621092609 0.12037307538330039 0.0839906514753141
