4 0.6349848492549591 0.4389800169097465 0.15531722236736822 0.16237551436503816
5 0.6736492804071641 0.3695130891885081 0.04508568452737827 0.009660543368408547
4 0.5379233454298793 0.421363137453563 0.15220152795671588 0.1658716086907575
5 0.5058264671795724 0.5083264837282576 0.046417236659139105 0.01839974748953832
4 0.502234554009223 0.5503040575864919 0.2942026381147878 0.06768144004589782
6 0.546676234462977 0.5548544603072664 0.08678270583032477 0.056432902415045394
5 0.6572031969270582 0.5633927962226816 0.029613835583984782 0.02523345573718716
4 0.3216777854459014 0.4529704393834828 0.1349589755386857 0.07490798251667818
6 0.34476530460466204 0.4414981353987378 0.08605851979345952 0.049901988908013006
5 0.29173557712370496 0.46897469682144344 0.059180629956885666 0.03337095267745943
4 0.4275018726385981 0.4405179127725857 0.095646504438474 0.135829253819908
5 0.44065251775438974 0.38194994642921437 0.045613308344184034 0.006295136057530404
