4 0.4062682246577164 0.5605604903773808 0.43240597209757686 0.08091323098818815
5 0.6340878074635137 0.558823900322841 0.027672291090370282 0.026377959375840754
4 0.25432517252819975 0.4181468023649656 0.12535804757268287 0.15724324895543745
5 0.2754268303930792 0.5015620161473584 0.04488320946051583 0.015773964062295698
4 0.4410210484389331 0.43543933171256877 0.12156922419377231 0.1737347264852822
5 0.42507962111370484 0.34100095303217015 0.04787192791260397 0.02054101586633672
4 0.5494196805139846 0.48076687250980377 0.1075360708741045 0.0740241563018404
6 0.5489336034565279 0.4851333157312522 0.10654130852396038 0.06531488739038999
5 0.5452947068173405 0.4958403757593572 0.05334552659655545 0.031155080344895114
6 0.44165690138844504 0.44201755086822203 0.1198465963566635 0.08272744220730799
