2 0.7441302910052909 0.39837549603174605 0.09011243386243384 0.06138392857142855
0 0.6242559523809523 0.42224702380952384 0.17774470899470896 0.1066468253968254
3 0.6044146825396826 0.4228670634920635 0.24222883597883604 0.10788690476190477
5 0.3315972222222222 0.45386904761904756 0.2653769841269842 0.1736111111111111
6 0.3167162698412699 0.46564980158730157 0.242228835978836 0.17237103174603174
5 0.613871635610766 0.5758281573498963 0.2710202438463309 0.19949102829537607
0 0.6304060271451575 0.5760977398205659 0.19338049229353582 0.17199361628709453
0 0.5144951499118166 0.5404679232804233 0.062279541446208064 0.07812500000000011
6 0.26905964405964405 0.6268037518037517 0.0962000962000962 0.050354737854737874
5 0.36876703543370204 0.6138392857142857 0.3126503126503126 0.16947751322751325
