4 0.40550302075124767 0.5601464876730834 0.4329430747870464 0.08020938872002703
5 0.633345116228813 0.5585972457273606 0.02749462980235373 0.026647728531864923
4 0.503478147896571 0.41466886369550304 0.12569470024583218 0.1574401804934592
5 0.5113790530457197 0.48508566086691085 0.04409171075837737 0.005580357142857151
4 0.22477788133527016 0.44460314981547694 0.13234921045199768 0.05753630628431383
5 0.1623597289616288 0.45511725898125877 0.06108301121254486 0.03094074316093015
6 0.24264710079165314 0.4414120691426517 0.07605463376768665 0.049201854420301006
4 0.37068852703070987 0.4107870527947961 0.09831641100077676 0.16400281748733075
6 0.36842208303177504 0.43835675698888876 0.09365322155433825 0.04556924093209602
5 0.36596618015805493 0.4989145764472895 0.043532747185314025 0.014886244548444894
