4 0.3957821410132488 0.4652093242241735 0.24839193034350776 0.12918959201095714
4 0.4547907924344706 0.505866858237548 0.217797847108192 0.11246237000547343
4 0.431400044332649 0.5811432040940236 0.0869787299659795 0.06640862173649065
4 0.5239849162501096 0.5572801717627914 0.11303068393307797 0.08591489081820569
4 0.6072762925833102 0.5265011527589678 0.13082474705281721 0.08558635362993416
6 0.6024295239981514 0.5088168387547772 0.11930698205208001 0.04711040194040733
6 0.5189017455372595 0.5527624796024329 0.09086188992731048 0.033493732383919395
6 0.46296296296296297 0.5019203910614525 0.19927482683534825 0.10322448346191371
6 0.41474756702574445 0.4567774351947013 0.12656541433519852 0.07137147424917212
5 0.27682579765913096 0.5250608766233766 0.05210838544171875 0.029310966810966788
5 0.3511052990219657 0.5572606646825398 0.05486411736411734 0.029733721139971192
5 0.537797517919842 0.5898909640308723 0.057036066210378045 0.03413062472695505
5 0.6296692626280642 0.557246150645027 0.060440322612607233 0.035483918910885204
