4 0.5318942711184091 0.30531609195402304 0.554757343550447 0.20354406130268202
6 0.6302453931764277 0.3104474548440066 0.2542875387702974 0.19584701696770665
5 0.8144043057836161 0.34123563218390807 0.061576354679802825 0.05045840175150518
3 0.454353676336435 0.4391591406677614 0.23319193577814268 0.07611521620142309
0 0.42271027184820287 0.44044198139025725 0.12657361795292837 0.07183908045977017
3 0.49454935230797303 0.5127086754241927 0.3261266192300675 0.10006157635467983
0 0.503101623791279 0.4923970306513411 0.18472906403940897 0.03634715380405035
0 0.49027321656632006 0.5458487274220034 0.17503648969166213 0.02950533661740551
6 0.6710112205801861 0.5295994116037219 0.04960317460317454 0.05003078817733997
2 0.7117770479839447 0.5304546387520526 0.053594234628717374 0.04660987958401752
2 0.46832238642583474 0.6010108784893268 0.2029739098704616 0.10989668856048174
