4 0.3872716619541013 0.4661602117142685 0.1041693542145049 0.06404538479951616
4 0.501682876601655 0.423984867325206 0.1224769743288261 0.19271792199119203
4 0.6206583162365475 0.4217535228377065 0.1165280927185689 0.18145651117589895
4 0.4809595795990354 0.5687871412932989 0.08728359068495128 0.06707424349049962
4 0.5728366615463392 0.5739888825277455 0.10951812027080854 0.08520545314900152
6 0.501982176023474 0.39660591375193144 0.11978898409576871 0.08252563562298076
6 0.620349930504456 0.4299215547146011 0.11475524720557828 0.08557368863660253
5 0.379857113994352 0.4751010007792954 0.05748252661832909 0.032885067607289875
5 0.5165289256198347 0.5280073461891643 0.04627807658110694 0.02111209497573141
5 0.6172839506172839 0.3226447456492637 0.05099764135908713 0.021066408491107302
