5 0.5999330459207002 0.36452209484616893 0.06736233588085438 0.04990936703899673
5 0.3353827813704357 0.42468890848520474 0.0771604938271605 0.0453164805016657
6 0.4265356316137566 0.589812748015873 0.28263475529100535 0.15578497023809523
6 0.6513000165343915 0.5349779885912698 0.17206101190476186 0.14919704861111105
6 0.7006448412698413 0.5911690848214286 0.32448743386243395 0.28250558035714285
0 0.3841250670960816 0.36213911893259715 0.05990721570431723 0.0693725557855992
0 0.4327697262479871 0.34326834598573724 0.10064412238325282 0.08339084426040944
3 0.43995859213250516 0.384963768115942 0.19649566751016023 0.20919599723947552
4 0.4687331281719037 0.6488905085843861 0.36780585249973013 0.4373177842565598
4 0.7024433463112708 0.5615453728661276 0.3319357092941999 0.37249176400119816
