4 0.4531469251663899 0.5295229405630866 0.269055986817544 0.08399953655428105
6 0.4899975063035107 0.5363170252399907 0.08970187401559954 0.059444232238349826
5 0.5887261330645526 0.5614066286348071 0.039218550899643545 0.02810562183283749
4 0.3228782331852982 0.4027143643233435 0.19701663591033586 0.1762340977742039
6 0.3157167537408627 0.40008742949485876 0.16332651159695177 0.10136283942298091
5 0.2414803010041105 0.4922662902573616 0.05415660177564938 0.0260639657961087
6 0.3910989128744573 0.46311100959342166 0.11957736413347803 0.07125272828790413
4 0.3831731469346148 0.4707181993592544 0.09121725482581744 0.049489405854084734
5 0.3803047775449178 0.47473355589039423 0.05661805611925719 0.03284178109295782
4 0.6259843216364955 0.44688656538423616 0.0979160399450254 0.1647154820679665
6 0.623909310312819 0.43070240705931495 0.09349763297131719 0.056005900167084455
5 0.6181018995021094 0.5357909916543937 0.04586496588241573 0.019687857961053767
4 0.5129912047123376 0.4057085797281875 0.13999838618574995 0.19523550160805064
6 0.512861901542405 0.3777835579926727 0.13090133203494875 0.08576424860183302
5 0.5469701522412049 0.5095928191424772 0.048213974203234033 0.02218013251561085
4 0.32283489527498244 0.40269348480132794 0.19697179283235927 0.17597779852681816
6 0.3157456398197139 0.39985670194003525 0.1637925403357502 0.1015946502057613
5 0.24130472560965832 0.4921929256290243 0.05360902221888772 0.02591015903796179
