4 0.6689318801174098 0.44743158402738215 0.1332794741221942 0.1618870065756799
5 0.6728825224760184 0.37764953542392565 0.047102851980900806 0.004960317460317498
4 0.5009298969481548 0.5542999047241037 0.29425895188686557 0.0602749985395038
6 0.5462869978280362 0.5563874939604575 0.08202568086691231 0.054924234625246315
5 0.657248719849364 0.5606151807465214 0.028489209246053138 0.025048128535447356
4 0.4445283956167775 0.4356121832251765 0.09085459518189654 0.135360858216877
4 0.5463993922988633 0.42235831298331294 0.13484041923195356 0.16515313390313396
5 0.5304020263804325 0.5102340471129716 0.04529734347442682 0.016082279265873023
4 0.3367312891122415 0.4382571346857061 0.11178979432947689 0.1584492655921227
6 0.3408732039732463 0.41892892144751365 0.09745625449534129 0.045888512790103975
5 0.3503072439751054 0.3528954058187929 0.04866013229215138 0.01790678706001292
5 0.45195250419357935 0.3767479213907785 0.046191316032585916 0.004986562526245075
