4 0.4674245482940375 0.46965522258331444 0.09724790032630193 0.061860271751961515
5 0.46405750230560516 0.4838682580870614 0.055249956043606885 0.03259213638677927
6 0.4714479908433072 0.45469576719576715 0.08930168954323536 0.027856855302507477
4 0.5724543566531283 0.40667465212063203 0.1273254735007947 0.07229283140087156
5 0.5850206842598947 0.41358462841203425 0.05870887643415923 0.03351846317327489
6 0.5475303199146258 0.3907205904344989 0.07771676534251992 0.04036276593494903
4 0.4403016029368203 0.4099969807109334 0.1302464431083042 0.07363024083635616
6 0.47274131612193077 0.3933531746031746 0.0633357099078139 0.040013227513227556
5 0.43352793654726024 0.4136632414485675 0.05746423016954416 0.03252547070481854
4 0.6327806550019293 0.4930497625019464 0.3531332583140619 0.22365669051672332
5 0.46813107956755917 0.6015282807936444 0.049882406775984545 0.026283971876955747
4 0.3868675735145874 0.4957975810288085 0.10313098805292276 0.06922063713027515
5 0.3764251559837185 0.5118450568540784 0.05278192482422006 0.03041350052665248
