4 0.6359875440471083 0.4357803642376219 0.15490365711109721 0.16251762190243912
5 0.5784341006199252 0.5216202868952393 0.05130665802554535 0.024093579902033646
6 0.6376499867705376 0.4195821962658256 0.11274457583182418 0.06641498881431762
4 0.551304211141386 0.4130767344035645 0.1706020613509479 0.19309637856771839
6 0.5526506265189272 0.3865194111958141 0.1459862196487467 0.0909611156290473
5 0.485853293941105 0.5146733402569378 0.050753211690159505 0.02455030361379751
4 0.42053217222247774 0.5402541674607786 0.29803763980979175 0.07855601126628264
5 0.5754416005021618 0.561487711147657 0.03260869688507051 0.025729912197691385
6 0.4672542030798881 0.5481469627674984 0.09344436427769759 0.059989764230835574
4 0.421441516212758 0.41898023285890934 0.13309294355045986 0.15993869394604687
5 0.45124340981300665 0.3321668346883222 0.05121546329216686 0.02293632444591237
6 0.4215546670947058 0.42835979711860817 0.1324597267579723 0.13944641602653823
4 0.30923314908417326 0.4416519216928468 0.1046377582690432 0.05527689617269971
