4 0.38802228678536577 0.4942258052088149 0.11007039021413512 0.07344159346586537
4 0.47925772563453717 0.5170591787439612 0.19477033969787594 0.12357660455486535
4 0.45351473922902497 0.5953062314669457 0.08624532434056248 0.06690977673120524
4 0.5492674763508096 0.5736140918873969 0.11248396665063332 0.09059649154988147
4 0.6150262425362827 0.5289181699946941 0.13519687214466336 0.08572600462717311
6 0.48624338624338626 0.5122362806093962 0.18095238095238098 0.11441632767009652
6 0.5447106378783397 0.5656779876938662 0.09311292955185296 0.036013146173935584
6 0.6130798572659037 0.5105089516426726 0.12325171239899924 0.04533499446290146
5 0.6403389472638299 0.56036454043299 0.06039322353876342 0.03603790996791234
5 0.5628972413563609 0.6033284203109163 0.05677847658979751 0.03365650169622669
5 0.3925812749342161 0.5760732323232323 0.05517358458534927 0.030637254901960786
