4 0.3411773909085737 0.4620295698924731 0.12409683108607833 0.0716045826932924
4 0.4649446128846878 0.4232385006289131 0.12533935754909536 0.1918456311659298
4 0.5832130832130832 0.43642338564213556 0.1262626262626263 0.18009334415584405
4 0.48096242716495885 0.5694161894715692 0.0856718683722904 0.0663991862567812
4 0.5726120857699806 0.574107795530493 0.10964912280701755 0.08501070384294074
6 0.5835941575378195 0.44276073105298464 0.12389149713093373 0.08488430583501011
6 0.4654470030056885 0.39443175050955503 0.12171796209354901 0.08687705341862745
6 0.3405051256613757 0.4623079649519094 0.1243524029982363 0.07122897008906326
5 0.3243890148652053 0.4731198034769463 0.05920886873267822 0.03354119425547997
5 0.44747128080461407 0.5260282604032605 0.04766671433338099 0.02200861575861579
5 0.59790135293491 0.3377343666773197 0.05001006119574358 0.02113960796846709
