4 0.6057345059067333 0.4494229476451347 0.1704364073590332 0.19022911524491798
6 0.6083354623361759 0.4239537919892431 0.14488359460344813 0.08900703694234585
5 0.5391020296063882 0.5489188033020966 0.04915454531477781 0.02287681790328122
6 0.45094952220845386 0.5333262893839639 0.10912569774638037 0.07989642225868498
4 0.4505409398151337 0.5474410728302987 0.08819766482561375 0.04864453798954271
5 0.4498876460029342 0.5546963435826218 0.0545505578922455 0.03403564376308743
4 0.46464648255982066 0.46603504755283987 0.09733625080998592 0.06064642275608145
6 0.4686813418326501 0.4499414242374993 0.08923680709801296 0.025817351969229074
5 0.46100423393062384 0.47996919997426635 0.0533768553501624 0.03142448230418021
4 0.44995269308762936 0.40649747819571924 0.12840298676588258 0.07294081326526136
5 0.44505010665556805 0.40989581177610834 0.05758892882245037 0.032500211260804546
6 0.4844414617698931 0.38925726540616246 0.05722196285921771 0.03665528711484595
4 0.35393294744798504 0.4810603517722879 0.10865954568962088 0.0651610424871703
5 0.3415698778583023 0.491590944944329 0.05619186849474472 0.0316447028488937
