4 0.5502961758591006 0.4801640217210277 0.1075703442034402 0.07363626691977049
6 0.5496389755649016 0.4846908492741826 0.10664918072325491 0.06444173110839779
5 0.5460260567787449 0.4957517281105991 0.05347897821016101 0.030801971326164912
4 0.4741561242565258 0.5389829067351657 0.11269464582717592 0.07575621751073569
6 0.47413969894590047 0.5366371354743448 0.10130839588203927 0.0426818014027317
5 0.4629828312536796 0.5642472870246392 0.05341391276262708 0.03195864232499046
4 0.44435881810805233 0.40766670056605214 0.13809610246204085 0.07184626993310878
6 0.4756054702621262 0.4020053633517491 0.0706187453780665 0.05880505688693338
5 0.4208527902445397 0.4130808545188627 0.0580919242466969 0.03140862261797228
4 0.376071295800653 0.4671120898269029 0.14332823514099852 0.05952077595555666
5 0.348805305495867 0.4703589918643682 0.0550775610512767 0.029299652955567024
