5 0.3949676000237798 0.3608770287141073 0.06762380357885978 0.032883003388621324
5 0.6500431008857975 0.3770398608881755 0.06205041317400872 0.013376136971642638
6 0.4087669018224574 0.5268614969135803 0.27924750146972366 0.08508322310405647
6 0.6257807907113463 0.5213500330687831 0.168558935920047 0.1395089285714286
0 0.460896164021164 0.3208705357142857 0.03536522633744854 0.06992669753086417
0 0.5127957818930041 0.3131200396825397 0.07670120517342749 0.07096009700176364
6 0.6702718124286752 0.6100704170557112 0.25612096690528063 0.253365234982882
4 0.6709202199398278 0.5718954248366013 0.2574177819275858 0.3676470588235294
4 0.42511757789535565 0.5905533509700176 0.27777777777777785 0.4403659611992945
3 0.5000734861845972 0.35824514991181655 0.12198706643151075 0.20502645502645506
