4 0.6053443137761281 0.4494229476451347 0.1704364073590332 0.19022911524491798
6 0.6083354623361759 0.4239537919892431 0.14488359460344813 0.08900703694234585
5 0.5389456760221386 0.5489188033020966 0.0491545453147777 0.02287681790328122
4 0.46464648255982066 0.46603504755283987 0.09733625080998592 0.06064642275608145
5 0.4610626466687072 0.4800439459530369 0.05445144081507719 0.03197560015741835
6 0.4686813418326501 0.4499414242374993 0.08923680709801296 0.025817351969229074
6 0.4597304150442347 0.5343006206075684 0.10955275761056449 0.08003093046172749
4 0.4597026604068858 0.5484294656829869 0.08880443152743628 0.048904538341158044
5 0.4593016977119488 0.5558105933144999 0.054078392967860656 0.033988471911693074
4 0.4524410416152147 0.40657859870229396 0.12803789737922983 0.07305076448777231
5 0.4480081129760525 0.4098186791225247 0.05786356609401877 0.03246360272504062
6 0.48958295840382005 0.3874684469155864 0.053239990881714216 0.03375748555992786
4 0.35027953335376977 0.47960252033859246 0.1223362289768718 0.07014405914171362
6 0.354134905688578 0.4716505246166263 0.09584342211460856 0.04245695453322573
5 0.3345343599069965 0.48911759821751016 0.05868544600938963 0.03339011096493494
