4 0.5502961758591006 0.48044113442830794 0.1075703442034402 0.07363626691977049
6 0.5496389755649016 0.48482940562782273 0.10664918072325491 0.06444173110839774
5 0.5460260567787449 0.4957517281105991 0.05347897821016101 0.030801971326164912
4 0.44435881810805233 0.40766670056605214 0.13809610246204085 0.07184626993310878
6 0.4756054702621262 0.4020053633517491 0.0706187453780665 0.05880505688693338
5 0.4208527902445397 0.4130808545188627 0.0580919242466969 0.03140862261797228
4 0.48778862456014915 0.5399578297693292 0.10676340491495523 0.07427364481843135
6 0.49105652242623354 0.5387123139313041 0.09378679865301032 0.04518955073316511
5 0.47770248992164643 0.5633190136380103 0.053473147678902544 0.03221273563951921
4 0.3663763007916396 0.4752264093439207 0.10903957548622012 0.1489551951563195
5 0.3478958840136197 0.3958770092803449 0.046940211263879705 0.01714444354788902
6 0.36092491737653026 0.4576038320997998 0.09119613958323636 0.038933400828562115
