4 0.2705606489306126 0.5053902094819567 0.18834943715285665 0.13800799711173684
5 0.352241857760482 0.5745585319252404 0.05400712871478919 0.02881899821479461
4 0.44558534515970005 0.40867196506162984 0.12855651988400063 0.07329631107564066
5 0.4409321125590967 0.41230045415313277 0.05791102021260747 0.033016913597270825
6 0.48030391018195895 0.3889236716027874 0.058878564976125924 0.03258989063104917
4 0.572584489251156 0.4068535212508426 0.12753229419896084 0.07234067613531897
6 0.5461808187102133 0.39093144396863716 0.07503529820567556 0.04052794250076641
5 0.5852212481373511 0.4136710322766771 0.058304005495434685 0.03356999174705161
4 0.46829797692948977 0.46927024769538894 0.09673285724760927 0.06136982655344231
5 0.46516878127658223 0.48353877317205973 0.0551246281820959 0.03260418072668608
6 0.47196760811784283 0.4543318941426336 0.08849392652209553 0.02890607534093448
4 0.6369263104852076 0.4954984748549699 0.3386442296216733 0.2293473432257893
5 0.4834024058757267 0.6071619352869353 0.049546487085721236 0.025755494505494525
