4 0.6365850052538133 0.435785337817963 0.15490365711109721 0.16251762190243912
5 0.5784341006199252 0.5216202868952393 0.05130665802554535 0.024093579902033646
6 0.6383728017010029 0.4195821962658256 0.11274457583182418 0.06641498881431762
4 0.5512526219595482 0.41322262609357385 0.16894270496050606 0.19309637856771839
6 0.5526406843251441 0.3866041291523119 0.14598621964874664 0.0909611156290473
5 0.485853293941105 0.5146733402569378 0.050753211690159505 0.02455030361379751
4 0.42053217222247774 0.5402541674607786 0.29803763980979175 0.07855601126628264
5 0.57546990149915 0.561474576338697 0.03260869688507051 0.025729912197691385
6 0.46717719595857754 0.548255142102886 0.09344436427769764 0.059989764230835574
4 0.422050981138221 0.41898023285890934 0.1318740136995341 0.15993869394604687
5 0.45074193364560927 0.3324740221407059 0.051263791136251236 0.023002391231697783
6 0.4221626455307008 0.42835979711860817 0.13166170079364475 0.13944641602653823
4 0.29573205585722245 0.41284781003825477 0.1522593035775979 0.16407680588416595
5 0.332578135704681 0.3431348097898377 0.04561120741985353 0.01094595193757203
