4 0.3835550761117104 0.46521035598705496 0.25170801869830994 0.11750654954538442
4 0.45085326775467616 0.5034963014331946 0.2235636038452939 0.10691169671752199
4 0.4309809474128723 0.5802174156047395 0.08694140149539209 0.06811703554661308
4 0.520978371855565 0.5560269307528081 0.11371020142949961 0.08484753550543023
4 0.6072785239451906 0.5263659951159951 0.13125763125763135 0.08547008547008556
6 0.6015186005496083 0.5110280546327058 0.1186887330298182 0.05191029900332228
6 0.5163629237703311 0.5510774911816578 0.09210268469527716 0.033206569664902874
6 0.45917163751558654 0.4997440855323021 0.2033273795481863 0.09968026488727127
6 0.34922319954167086 0.4809454301890608 0.10306788438423264 0.06271484177535136
5 0.2628992533544663 0.5178287357527445 0.04564560364854048 0.0282978463044542
5 0.34251130619845704 0.5511425356921167 0.054190929423704126 0.02972033785581274
5 0.5351523325379535 0.5886723643299221 0.05763622321356521 0.0338805021732298
5 0.6296337121954406 0.5571745480599647 0.06021784571167288 0.03548004850088171
