4 0.4679177066189028 0.39657733246135457 0.12482691062612117 0.07079828768907093
5 0.4630492664573974 0.4003849430552088 0.057710771996486276 0.033228381442667154
4 0.5832032948435065 0.47105878579092864 0.1345851874952404 0.17745564620564624
6 0.5803338549817423 0.46939623854236534 0.12854907221104417 0.08575760116253078
5 0.5600869093919882 0.5642765392304256 0.04790093800045747 0.022082264328746826
4 0.4658963293100355 0.4651346794484189 0.09810767360584272 0.062098447121274825
6 0.4701367283758997 0.4516272309572098 0.08952955045233763 0.030588354873312518
5 0.4623236701641943 0.4796324238165818 0.05452944400137477 0.03214077739315119
6 0.4701376042031459 0.5339692338956231 0.10949910118095096 0.08043409104054605
4 0.46943554496952417 0.5488249798711755 0.08898218439281236 0.048794427191166445
5 0.4696144020720193 0.5560405729633363 0.05415567190028209 0.034048129508328584
4 0.28848468007601313 0.46194824742567425 0.15905662339870977 0.19163576877874122
6 0.2865860471962614 0.4336991548573943 0.13949392439594488 0.08690754197912282
5 0.3484060394479277 0.5620070750939612 0.049328002497037726 0.022429275667268156
