4 0.6359875440471083 0.4357803642376219 0.15490365711109721 0.16251762190243912
5 0.5778863775049141 0.5217743340213361 0.05130665802554535 0.024093579902033535
6 0.6376499867705376 0.4195821962658256 0.11274457583182418 0.06641498881431762
4 0.551304211141386 0.4130767344035645 0.1706020613509479 0.19309637856771839
6 0.5526506265189272 0.3865194111958141 0.1459862196487467 0.0909611156290473
5 0.48530557082609405 0.5147503638199862 0.05075321169015945 0.024550303613797397
4 0.42053217222247774 0.5402541674607786 0.29803763980979175 0.07855601126628264
5 0.5754416005021618 0.561487711147657 0.03260869688507051 0.025729912197691385
6 0.4672542030798881 0.5481469627674984 0.09344436427769759 0.059989764230835574
4 0.421441516212758 0.41898023285890934 0.13309294355045986 0.15993869394604687
5 0.45124340981300665 0.3321668346883222 0.05121546329216686 0.02293632444591237
6 0.4212841658017097 0.42835979711860817 0.1324597267579724 0.13944641602653823
4 0.3074196692170198 0.42892241002262144 0.13143127178214903 0.06447586261378552
5 0.2797028547465114 0.4338254951938264 0.05944734115124964 0.03287016227942258
6 0.3297463706716376 0.4232598288425691 0.058213611001274146 0.04669053267807716
