5 0.6370209495209495 0.1511556199056199 0.06390318890318891 0.052954740454740454
6 0.4038399871733206 0.29423701298701294 0.3757816257816258 0.26455026455026454
4 0.42287958954625615 0.28352723665223667 0.4278900112233446 0.29949795574795574
0 0.523043375766148 0.38417904290429045 0.05074912253130076 0.058688904604746184
0 0.5721554298286972 0.3901952695269527 0.03699774739378703 0.06188118811881188
3 0.5456349206349206 0.4276432107496464 0.09265807533134257 0.18146903976111894
6 0.6188118811881188 0.4956634056262769 0.129000995337629 0.11811449002043062
5 0.4053381528629053 0.4455691104824768 0.06155377442506155 0.03364175703284611
6 0.4356097720295251 0.5903390162649422 0.24577046181984447 0.09675680971977274
4 0.45134247656177473 0.645058827624617 0.26222964819456046 0.3798558897243107
