4 0.6071028955678053 0.43191907039018884 0.12202579987305051 0.1564400010573972
6 0.6070302775475906 0.4238129766170688 0.12230297366208365 0.13653614818460091
5 0.588554007481656 0.5171140195667812 0.04671959775318946 0.021973511254034572
4 0.48935702036477235 0.3894586328141145 0.1247703960882256 0.07125807582618215
5 0.487063940453771 0.39272682943233794 0.05791707769108895 0.0329987220877051
4 0.48464487889246505 0.46570550113289844 0.09785693475467327 0.061233777000076095
6 0.4844885621680115 0.4474528257714098 0.08792329342968491 0.02063140890574522
5 0.48321432293136923 0.48091037480271437 0.05456094655542559 0.03287865994905337
4 0.324952606582283 0.3863450256124945 0.20704288304733387 0.15919311870965153
5 0.23827885222443046 0.46389946342114713 0.049138059342140994 0.02402525521147969
4 0.4369366059180875 0.5094659391534392 0.266387419165197 0.10023974867724866
6 0.4720526600550365 0.523614865933093 0.09336736410895907 0.05892106178460765
5 0.5696124128663811 0.550159500934877 0.04075333837238593 0.02831856426781243
