3 0.718814112946766 0.39176384839650147 0.17276751970629523 0.06580012957563974
0 0.6793340352013821 0.3910046161321672 0.08840837922470579 0.06630628441852932
3 0.534911186696901 0.4497185779073535 0.339461181297916 0.11692176870748305
0 0.5487460857358817 0.43124392614188534 0.19031422092646577 0.05770165208940714
0 0.5281624554583738 0.48818634596695826 0.17614188532555874 0.03593699384515714
6 0.7109788359788358 0.47646604938271603 0.06025867136978247 0.050705467372133994
2 0.7550705467372134 0.4819775132275132 0.05217519106407997 0.04905202821869492
2 0.49382716049382713 0.5340608465608465 0.21017048794826576 0.11463844797178124
5 0.8587677183356195 0.5736515285126396 0.06491279639427783 0.05113413678228507
6 0.6779100529100528 0.6232547031158142 0.24291266575217185 0.17728542034097583
4 0.5889101182311058 0.6652030668234372 0.5303252988438174 0.26056976288457767
