4 0.45331188464227723 0.5296534752330948 0.26905598681754395 0.08399953655428105
6 0.48775835384958416 0.537437213735203 0.08970187401559959 0.059444232238349826
5 0.5877297102225553 0.5614066286348071 0.039218550899643656 0.02810562183283749
6 0.3910989128744573 0.46311100959342166 0.11957736413347803 0.07125272828790413
4 0.3831731469346148 0.4707181993592544 0.09121725482581744 0.049489405854084734
5 0.3803047775449178 0.47473355589039423 0.05661805611925719 0.03284178109295782
4 0.3332218370532547 0.37912219485495346 0.21964767175495148 0.15445402298850575
6 0.29922790260388754 0.4042615699861959 0.11816119493412924 0.06561582378921343
5 0.23653120058348814 0.45420893525760475 0.050850867844331904 0.026097349714296503
4 0.6306092334763278 0.4469305083144369 0.0997598980866794 0.16434004157218457
6 0.6286333285621373 0.4306591995879194 0.09378539160219268 0.05659340840433624
5 0.6197085426408734 0.5355184837092731 0.04653589240055411 0.020232873851294908
4 0.5322426579488726 0.40644816642344894 0.118517703263466 0.19369738208015047
6 0.5318014463651937 0.3778716654550589 0.11573365028750138 0.07994405138743399
5 0.5312502732523372 0.510724011111008 0.04532599991836306 0.02074915968104829
