4 0.4121863799283154 0.5331541218637993 0.2742219946521021 0.07456477214541729
6 0.4480287300141815 0.5393530927067512 0.0778873735655935 0.056117662824979986
5 0.5554981555038258 0.5527745346307351 0.03360925242596169 0.02757345057979954
4 0.6326980284062156 0.4361909660600891 0.13579299887629148 0.16254678092965236
5 0.5856193026672714 0.5230364400149741 0.049919961184848316 0.02294348222271536
6 0.631158157819868 0.419540201408518 0.10907595270789228 0.0638390347921628
4 0.5418157074685239 0.3960378013115408 0.20346103791132492 0.1925006178021953
6 0.5506049703061523 0.37194227200123425 0.15639448291439906 0.0956116079936834
5 0.456133601721586 0.4954920289501702 0.051429041017708066 0.02469999349799651
4 0.3721897675874972 0.38290225709039094 0.13250561041763415 0.07034776005055826
6 0.41410710549128626 0.3777512947269303 0.04614683286999671 0.05538320554210385
5 0.35059172780983877 0.3865560358383825 0.06110633249170683 0.03378024739775759
6 0.3958884974907736 0.46494619860522823 0.11903177297007789 0.07246609335558124
4 0.38780932451145717 0.47305109766745107 0.09167636403076063 0.04986705850836748
5 0.3850820163456329 0.47710635179997923 0.05633940819126004 0.032987732129889036
