4 0.4156010772390946 0.5710096663880924 0.4321348062582987 0.0883916169144261
5 0.6422012809193347 0.561851233591701 0.029334455602051723 0.02620934939508124
4 0.3058681192489523 0.45059582842428125 0.12715549501748477 0.1491435257681734
6 0.2542712154164097 0.4360058184828123 0.012984062063816665 0.027540412893173605
6 0.33425950558166573 0.4295246962844728 0.021183726956538862 0.03186796133723513
5 0.2767176492130955 0.37060076762945615 0.04698297048023825 0.01802519732847596
4 0.4411751840653957 0.4353351101242966 0.12098100557095265 0.17365375934324345
6 0.4418969233784048 0.44146825396825395 0.1195375269449343 0.08340681951793061
5 0.4252023696468141 0.340799247049247 0.047257269479491715 0.020222832722832762
4 0.5496438778526448 0.4801469800435032 0.10766226076853624 0.07316026045330681
6 0.5492082873035253 0.48465299581371 0.10707986898463095 0.06418432757718467
5 0.5455101155858733 0.4956535730683458 0.05354227702712555 0.03101428243473703
