4 0.6103823903491942 0.4481984833606532 0.09429268648435851 0.16167074961253902
6 0.6083944928030949 0.4305275537634409 0.09102804801729536 0.05660362263184843
5 0.6029424360299005 0.5355835266953926 0.045686778778566195 0.02026868478408339
4 0.4869904682638765 0.40713616907437133 0.15853199373798627 0.19506866416978785
6 0.4867397816831373 0.38035381423924897 0.1418186742341211 0.08981577053628037
5 0.5439464644869654 0.5094639951918538 0.049243851109166514 0.022963125036819743
4 0.3393028136434658 0.3898025230403105 0.14211542599226118 0.07362497963543818
6 0.3736516139616915 0.3837324658545589 0.06521471637750709 0.05940845330380207
5 0.31886102998149424 0.3927942350409551 0.060803760039993715 0.03286391087047069
6 0.3890987745640718 0.46286401766093643 0.11993948346267053 0.07059431516714432
4 0.3798475541770561 0.47070751991729004 0.08970382533600929 0.04798774554521679
5 0.3792369793099587 0.4738216327399415 0.05841246673211642 0.03415750080364205
4 0.45398636541873505 0.5292863967620947 0.2690165834067462 0.08314095412176176
6 0.4895405973837347 0.5356744970715559 0.08970187401559954 0.059444232238349826
5 0.5889545875244404 0.5603785835653112 0.039218550899643656 0.02810562183283749
