4 0.3531617609287512 0.40778286141320275 0.30393315182959196 0.14955621923728402
4 0.4660248873211836 0.48535328483245144 0.28373832386178066 0.1320454879482657
4 0.4314365072947072 0.5800755527829764 0.08693592133063266 0.06758161779995842
4 0.5175354902130858 0.5580165522575127 0.10167596688543867 0.08393003192352078
4 0.6059272083888452 0.5253488397170462 0.13054647272464825 0.08532285196687361
6 0.6019579548991313 0.5071062515915457 0.1207216893491403 0.04602219675749092
6 0.46568094513299996 0.4858393128941074 0.16972288661786378 0.09852685366383995
6 0.3859277296777297 0.3936877008899541 0.17511423761423756 0.10012685290984652
5 0.20550298984125118 0.4781768311082278 0.05144032921810704 0.02916496653133993
5 0.3268026162365767 0.5448335008569236 0.05027120164383064 0.030905455664165693
5 0.6277544056220792 0.5559318704039578 0.06067320882135696 0.03576380245069577
