3 0.6792223062064332 0.39505385487528344 0.1364743428235491 0.06810594608213655
0 0.6535021415973796 0.39840010078105315 0.07453598723439991 0.059838750314940736
3 0.505217519106408 0.4159186822877299 0.30076845553036025 0.14526643990929705
0 0.5220143613000756 0.4035178886369362 0.16009490215839428 0.07164902998236333
0 0.4892080288905686 0.4507590073066263 0.15117157974300827 0.06220080624842533
6 0.6566515495086924 0.4767416225749559 0.055639539766523805 0.051965230536659135
2 0.6967540102460736 0.48575680272108845 0.05144032921810704 0.04999685059208869
5 0.7730707531239446 0.5842884582911179 0.051010356861420636 0.044062394461330645
6 0.5985843411438649 0.5967143801965231 0.20982930209120676 0.1641628873771731
4 0.5072751322751323 0.6104497354497355 0.5101410934744268 0.19179894179894186
2 0.4523809523809524 0.4828042328042328 0.1887125220458553 0.10978835978835977
