4 0.5502961758591006 0.4801640217210277 0.1075703442034402 0.07363626691977049
6 0.5496389755649016 0.4846908492741826 0.10664918072325491 0.06444173110839779
5 0.5460260567787449 0.4957517281105991 0.05347897821016101 0.030801971326164912
4 0.44435881810805233 0.40766670056605214 0.13809610246204085 0.07184626993310878
6 0.4756054702621262 0.4020053633517491 0.0706187453780665 0.05880505688693338
5 0.4208527902445397 0.4130808545188627 0.0580919242466969 0.03140862261797228
4 0.48237177806319387 0.5401289816626476 0.10922213608883874 0.07461594860506826
6 0.4848839386104987 0.5376125077591558 0.09581597906053324 0.04347898377227977
5 0.4721912769776222 0.5637076934298826 0.05358053320972078 0.03195372801782448
4 0.38201593838175857 0.4689789508230654 0.12704737453078796 0.17230890011003258
5 0.3482588516602122 0.3979283355877744 0.045040181094602894 0.0112072258118176
