4 0.6053443137761281 0.4494229476451347 0.1704364073590332 0.19022911524491798
6 0.6083354623361759 0.4239537919892431 0.14488359460344813 0.08900703694234585
5 0.5389456760221386 0.5489188033020966 0.0491545453147777 0.02287681790328122
4 0.46464648255982066 0.46603504755283987 0.09733625080998592 0.06064642275608145
5 0.4610626466687072 0.4800439459530369 0.05445144081507719 0.03197560015741835
6 0.4686813418326501 0.4499414242374993 0.08923680709801296 0.025817351969229074
6 0.4597304150442347 0.5343006206075684 0.10955275761056449 0.08003093046172749
4 0.4597026604068858 0.5484294656829869 0.08880443152743628 0.048904538341158044
5 0.4593016977119488 0.5558105933144999 0.054078392967860656 0.033988471911693074
4 0.4588414659396456 0.4064050473561859 0.1283306849404255 0.07300659755593347
5 0.45471642092026654 0.4096560106767042 0.05749743209350472 0.0325398304984435
6 0.49485254911611504 0.38840439276485794 0.054140519256798414 0.03529900332225916
4 0.35364471673213044 0.47657833210099676 0.13020674853843872 0.0772033964889493
6 0.3622698002542964 0.4646548541897379 0.11299782617612075 0.05075673680324844
5 0.33182955384292057 0.4949750367983451 0.06214128394579521 0.03518220153558499
