4 0.5502961758591006 0.48044113442830794 0.1075703442034402 0.07363626691977049
6 0.5496389755649016 0.48482940562782273 0.10664918072325491 0.06444173110839774
5 0.5460260567787449 0.4957517281105991 0.05347897821016101 0.030801971326164912
4 0.46422303944944904 0.40599564523206066 0.10558114560451692 0.05530348020488246
6 0.5023758474583249 0.5402241915284633 0.09068236348037151 0.04854488091532916
5 0.44174412601735225 0.4115896436625194 0.0556438867753733 0.03048700912551422
4 0.4988627815936706 0.5395106615083483 0.10419354720634555 0.07728941556445001
6 0.48424274614750806 0.39974604706747563 0.06554173220839882 0.04261276582705148
5 0.4888366298806911 0.562840884769764 0.05316052969309676 0.031912033528412875
4 0.3060469107341396 0.48813238092856187 0.12903596377915308 0.16182440237999962
5 0.33824953650026535 0.5528784068324886 0.04593653767609057 0.0134746627093566
