4 0.6072410403720001 0.5039889953656767 0.18396651534471375 0.12246645073615642
5 0.6263662220234991 0.5329284736194948 0.0690873636883026 0.040258914598703344
4 0.43461136059162686 0.4129119048492375 0.13092794395903623 0.0735505385809827
5 0.4266187899497674 0.41635873907607135 0.058009171337385035 0.03312767496172775
6 0.4667809602632693 0.3964790059412965 0.06207324643078832 0.04031989890928439
4 0.5619254157660346 0.4067232779962138 0.12519618788731934 0.07190184942478517
5 0.571571986295264 0.41387159722306166 0.05837347922541991 0.03319954651020279
6 0.5368873700034131 0.38747782695525274 0.07363811780447638 0.03336650124263563
4 0.4492994531513338 0.47419729366466595 0.09745073673344534 0.06194375853532963
6 0.45482523111158457 0.45753934963247045 0.08404057621059857 0.026382896559071056
5 0.44424652854964575 0.48783246543174363 0.055049187443722725 0.032288157521356
4 0.3441457056352735 0.496361524291813 0.12470574526402445 0.07582355068923013
6 0.3696525983347689 0.4918789221114803 0.06049792871498294 0.04868032484311563
5 0.32835251089219347 0.5113396854468284 0.05780680383854986 0.0331596313739172
