4 0.6072410403720001 0.5039889953656767 0.18396651534471375 0.12246645073615642
5 0.6263662220234991 0.5329284736194948 0.0690873636883026 0.040258914598703344
4 0.4337601692642451 0.4123373507032548 0.13092794395903623 0.0735505385809827
5 0.4262783134188147 0.41616722102741044 0.05800917133738509 0.03312767496172769
6 0.4669511985287458 0.3964790059412965 0.06207324643078832 0.04031989890928439
4 0.5619254157660346 0.4067232779962138 0.12519618788731934 0.07190184942478517
6 0.5404254548090165 0.38807689171559034 0.08244545915778795 0.034484398782343995
5 0.5715659998436233 0.41395551371863326 0.058582808825763055 0.033537155439487876
4 0.4595712472314447 0.4703702917880609 0.09724790032630248 0.06186027175196146
5 0.455006210563192 0.48476388843914753 0.055275322525079496 0.031743139432643785
6 0.45921772112248305 0.45926028068885216 0.09652509652509655 0.0360053931482503
4 0.42632793858284057 0.5123533788515405 0.225645813881108 0.09574142156862736
6 0.4276008190997005 0.5101803025460744 0.2083259353952866 0.09021785447959951
5 0.5440603408183227 0.5590069550024714 0.037712576964974986 0.0145534580275416
