4 0.3605109279965494 0.4494994656402196 0.1300507005058143 0.07466338310768172
4 0.4668430335097002 0.4862103174603174 0.28395061728395066 0.13154761904761897
4 0.43151907361734715 0.5804164295200152 0.08660244384015969 0.0671915512552963
4 0.5177731006460288 0.5575561255809874 0.1015814551726153 0.0833114092782603
4 0.605468524858503 0.5251682298602501 0.13083422669479317 0.08470088855214214
6 0.601561325075537 0.507807693490833 0.12099585742996588 0.046430878552971455
6 0.466100441298854 0.487012987012987 0.1706167876802797 0.0989410915881504
6 0.38187121520454853 0.43680278055278055 0.08294174960841627 0.0456141081141081
5 0.3410698904884951 0.46435553975524907 0.06383044173741853 0.03480174810116676
5 0.3276338593798911 0.5457422868137154 0.04943616054727168 0.030277262420119522
5 0.6279205600238361 0.5559654369025303 0.06025202103633487 0.03585314616997071
