4 0.5923116542585568 0.4495013344570866 0.12798301883847607 0.16285644051130777
5 0.5901626744496675 0.3794642857142857 0.04543635719319783 0.004960317460317443
4 0.5735531231110731 0.573818717767187 0.10834720221375838 0.08541155834139158
4 0.46921784917318143 0.5660472274793882 0.08653040199662204 0.06649861863429696
5 0.5823162611443781 0.5966856069514608 0.055396176831938204 0.026007613743622593
4 0.3414045655553821 0.4855663351338716 0.11732735541721767 0.1921688501028056
5 0.3304459339896771 0.381570093467934 0.047299316402306446 0.019667122034231654
6 0.34216732934681654 0.5193657837888608 0.1155776796802438 0.07778012585704897
4 0.4910425791824121 0.4397551847684414 0.11925599093795558 0.16258391070394917
5 0.4899959989169739 0.5270104228765561 0.04469214819578321 0.014909551264451926
