4 0.4059284962128118 0.5605866212831708 0.4328559042046772 0.0803845081935366
5 0.6334305931092852 0.5587619609359383 0.02780938219501483 0.026674446488502923
4 0.5032131828068782 0.4146016655426157 0.12676059523760347 0.1566922631660002
5 0.5119616544347727 0.48483102918586785 0.043096091483188326 0.005440348182283727
4 0.23111390512769228 0.4298778189288777 0.1642531843237694 0.07310406516323797
6 0.26062799580181994 0.42687639984419123 0.09765096677162116 0.06527534326614082
5 0.17584331715241203 0.43811215971539835 0.06252704281965119 0.03139841958729117
4 0.3810831290990021 0.41173184867381296 0.0963814257465051 0.16487955662062803
6 0.3797672915319974 0.4390217625511743 0.09157509157509153 0.044440853264382685
5 0.37770653354457495 0.49928958165186976 0.04272162935063123 0.01450262308313155
