4 0.44478688481668904 0.40832131331970023 0.12855651988400058 0.07329631107564066
5 0.4394046660787666 0.4121479725378202 0.05791102021260747 0.033016913597270825
4 0.572584489251156 0.4068535212508426 0.12753229419896084 0.07234067613531897
5 0.5852952436678767 0.4135860953338635 0.058304005495434574 0.033569991747051664
6 0.5518721739572219 0.39131393298059963 0.08582460571486628 0.04123391469070481
4 0.6383361536913024 0.49583706275004485 0.3329344983026323 0.23099485379140627
5 0.48831366741711857 0.6092333666099378 0.049206774645315476 0.02532822546272362
6 0.3761940818565801 0.5048960268188076 0.1200003412143939 0.07589819481715177
4 0.3689157088841756 0.5158730158730159 0.08533840257661046 0.047065337763012194
5 0.3636949569489252 0.5208574265493908 0.05665114792098919 0.03327595403488259
4 0.48000149457990277 0.46759606544624277 0.09663453319875692 0.06344272190903394
6 0.4814547486776841 0.451767757809157 0.09357090871853396 0.02634253316217383
5 0.47807241059820005 0.4821880857664508 0.05489407285085063 0.03269314549054397
