4 0.5735531231110731 0.573818717767187 0.10834720221375838 0.08541155834139158
4 0.4811704213667173 0.5695874978683032 0.08653040199662193 0.06595667814506756
5 0.5823162611443781 0.5966856069514608 0.055396176831938204 0.026007613743622593
4 0.6210410808051423 0.42208936889129645 0.11821259802440909 0.18165712847880533
5 0.6179651784786494 0.3226351073116898 0.049953320640126364 0.02116699518117715
6 0.6201717856307227 0.4302654729673363 0.11632445207324438 0.08732102093903338
4 0.40843883849836227 0.4436605371315192 0.10196208112874772 0.14637365362811794
5 0.39716480707794755 0.36173171406183 0.049229243587359806 0.02142019948468671
4 0.501950542800216 0.42446064964447316 0.12432798380510812 0.19338130551365845
6 0.5026816171739183 0.396386568221407 0.11907030685640752 0.081883061866722
5 0.5161418633492482 0.5282185431604549 0.04585987205758757 0.020028706714650624
