4 0.6349848492549591 0.4389800169097465 0.15531722236736822 0.16237551436503816
5 0.6745914109789246 0.3698310582564772 0.04508568452737827 0.009660543368408547
4 0.5374307006169365 0.421363137453563 0.15220152795671577 0.1658716086907575
5 0.5041022103342727 0.5080493710209772 0.046417236659139105 0.01839974748953832
4 0.502234554009223 0.5503040575864919 0.2942026381147878 0.06768144004589782
6 0.546676234462977 0.5548544603072664 0.08678270583032477 0.056432902415045394
5 0.6572031969270582 0.5633927962226816 0.029613835583984782 0.02523345573718716
4 0.3212031463491622 0.41318001047936903 0.1395731657517223 0.19683737856844868
6 0.3202312878318098 0.44616611274229945 0.13015523475518576 0.08387451404181284
5 0.3586030624022224 0.30866819956167035 0.04855760392224695 0.023158200778475635
4 0.425302054713921 0.4396911323584552 0.08750505236553024 0.13533464566929132
5 0.42939798636273774 0.3807182464998059 0.04591175792082175 0.00486110971774395
