4 0.4633330606810173 0.3961180438076215 0.12482691062612122 0.07079828768907093
5 0.45772776242788304 0.39974604706747563 0.057710771996486276 0.0332283814426671
4 0.5832032948435065 0.47105878579092864 0.1345851874952404 0.17745564620564624
6 0.5803338549817423 0.46939623854236534 0.12854907221104417 0.08575760116253078
5 0.5600869093919882 0.5642765392304256 0.04790093800045747 0.022082264328746826
4 0.4658963293100355 0.4651346794484189 0.09810767360584272 0.062098447121274825
6 0.4701367283758997 0.4516272309572098 0.08952955045233763 0.030588354873312518
5 0.4622171684473867 0.4796324238165818 0.054529444001374716 0.03214077739315119
6 0.4689301897798029 0.534228527559802 0.11032858711553273 0.08050911029392988
4 0.4683146742325486 0.5488249798711755 0.08898218439281247 0.048794427191166445
5 0.46878938877280496 0.5562426543458882 0.05415567190028214 0.034048129508328584
4 0.3172508259571868 0.4522320874536485 0.11310647032501714 0.15646586053730144
5 0.33213485594437975 0.5352690062511491 0.046985761271475635 0.017188744867316252
6 0.32062538265795415 0.4752044105487935 0.09653881709518802 0.044861659914606056
