4 0.6365971517126711 0.43634634393639854 0.1549036571110971 0.1632674188837696
6 0.6384420534308678 0.41987922126344945 0.11274457583182418 0.06641498881431762
5 0.5782556377599505 0.5214578410384789 0.0507321852446867 0.02412935299133301
4 0.5514145793841927 0.4130767344035645 0.17266364526953848 0.19309637856771839
6 0.55461146730988 0.386770141234427 0.14824975142435454 0.09133558240701095
5 0.4840960004017201 0.5141472716225669 0.050753211690159505 0.02455030361379751
4 0.4202665595070658 0.5392775517379947 0.2980376398097917 0.07895695197910385
5 0.575000683394578 0.561818398978345 0.03260869688507051 0.025729912197691385
6 0.4663449975949976 0.5477486922799423 0.09344436427769759 0.06059478715728717
4 0.3039098963080749 0.43918457969099883 0.13202416756679347 0.06594202280231876
6 0.30924907867090334 0.4354763361279367 0.09348861171370432 0.05105272784231024
5 0.2785334420106119 0.44690056940573797 0.05960468172441599 0.033323846042516425
4 0.421957671957672 0.4194444444444444 0.13139329805996475 0.15965608465608466
6 0.42200522184182315 0.428893200798838 0.13119445308987798 0.14116642027181237
5 0.45054785652457197 0.3325690837007833 0.051393108960575085 0.02348242253481264
