4 0.3999469338702377 0.4960281730514803 0.10925379656943085 0.072436560204105
4 0.49549072308281383 0.5235442566065872 0.1914225491461264 0.12483689651711338
5 0.41070612058266376 0.5836793307858122 0.05497855292093973 0.02893518518518534
4 0.47439796271571966 0.601148753894081 0.0859170251693615 0.0695371606586559
4 0.5654311989346004 0.5779655612244898 0.11630313501061795 0.08591978458049876
5 0.5814031961991146 0.6118146663427275 0.05736421552748083 0.03416545189504372
6 0.5598072562358276 0.5722080498866213 0.08660871756109845 0.0336592970521542
4 0.6333492813989268 0.5358066320499831 0.13250966265150665 0.08640978554542383
6 0.6271342264250066 0.5189864066193853 0.12054861345641488 0.0498670212765957
5 0.6587820313310508 0.5682481325863679 0.06095030604834517 0.036108193277311074
6 0.4998133343632126 0.520471266365427 0.18087256530078916 0.11839589850538751
