4 0.3478108251571035 0.47496243643088304 0.11600828752932307 0.16349784250269683
5 0.32599040871841517 0.4070535851548045 0.04451874911923337 0.0076352171215540166
4 0.4649259500857674 0.5418127582083061 0.11626923727380345 0.08069009567297225
6 0.44537196955158953 0.526423328398717 0.055514433752775705 0.020946418290977875
5 0.4526496658113253 0.5647417228694053 0.05298574683410173 0.031614040465971716
4 0.4338573925288205 0.40727609249395397 0.13916076608874356 0.07147337794425712
6 0.4653742283950617 0.4015725756448413 0.07164902998236328 0.05909753224206349
5 0.4090196331679502 0.4126482344425204 0.058460008739887104 0.031116103975138365
4 0.5499019938944845 0.48016421403076603 0.10727143497272812 0.07359873618478124
6 0.5493181915946144 0.48471980255516844 0.10625026885189487 0.06448412698412698
5 0.5455632422285421 0.49576695171713625 0.053305594784342936 0.030952869052500054
