4 0.4337601692642451 0.41223181203388637 0.13092794395903623 0.0735505385809827
5 0.4262783134188147 0.41584925195944134 0.05800917133738509 0.03312767496172775
6 0.4669511985287458 0.396373467271928 0.06207324643078832 0.04031989890928439
4 0.5616549144730384 0.4067232779962138 0.1251961878873193 0.07190184942478517
6 0.5412554919322317 0.3879895621828383 0.082445459157788 0.03448439878234405
5 0.5715659998436233 0.41395551371863326 0.058582808825763055 0.033537155439487876
4 0.46652776773624005 0.46973929576060797 0.09724790032630187 0.061860271751961515
5 0.4630621657857838 0.48442352621272516 0.055275322525079496 0.03174313943264384
6 0.47011297011297015 0.4537062572776859 0.08767270672032579 0.026429490715205006
4 0.6285206598950719 0.4924906474436662 0.3653819119480181 0.21731076151390777
4 0.36945551938817955 0.4906116753580768 0.16275167267192164 0.1688543779698224
5 0.4230847945296182 0.5586705672029904 0.04409171075837742 0.01252776423424895
5 0.4558603233638101 0.5973654280401143 0.04796587781246081 0.02666948927409174
