4 0.38313563179154575 0.49857272498092936 0.13120839733742962 0.08252364886046581
4 0.49023020514248583 0.5213206627680311 0.18913023298988213 0.12564397103870778
4 0.4723205562534099 0.5967927937714397 0.0869145953078806 0.07611293934989216
4 0.5585688584013542 0.5754840671612028 0.1116694584031267 0.0851230358139905
4 0.6241831552390558 0.5312342935455969 0.13299138557937729 0.08549059658227542
6 0.3960380448475686 0.4811507936507936 0.10109599395313684 0.04180839002267578
6 0.49640540459749505 0.5166296744686575 0.1767405015992587 0.11644135055152
6 0.5559062850729517 0.5683931953463204 0.09620009620009629 0.03198841089466087
6 0.6213768839598168 0.5138733134239739 0.12477016023115306 0.0477562478892265
5 0.3713265761458532 0.515611384851975 0.05896602282144453 0.03375141274011195
5 0.4075992188044919 0.5828723320778406 0.05567512629659527 0.02879506322302927
5 0.5706684719030397 0.6084322056544278 0.05671055053771101 0.03390385334829782
5 0.6491597761439031 0.5627061430632858 0.06107942615879125 0.03564557135985702
