4 0.6053443137761281 0.44946112742854233 0.1704364073590332 0.18993894889102003
6 0.6083354623361759 0.4239537919892431 0.14488359460344813 0.08900703694234585
5 0.5389456760221386 0.5489188033020966 0.0491545453147777 0.02287681790328122
6 0.4597304150442347 0.5343006206075684 0.10955275761056449 0.08003093046172749
4 0.4597026604068858 0.5484294656829869 0.08880443152743628 0.048904538341158044
5 0.4593016977119488 0.5558105933144999 0.054078392967860656 0.033988471911693074
4 0.4588414659396456 0.4064050473561859 0.1283306849404255 0.07300659755593347
5 0.4545506626091449 0.4096560106767042 0.05749743209350472 0.0325398304984435
6 0.49485254911611504 0.38840439276485794 0.054140519256798414 0.03529900332225916
4 0.3541973780611871 0.4766027050355026 0.11845450209943292 0.07231138579462787
5 0.32262677382187566 0.4816190202317012 0.05903015440281423 0.030432032154038502
4 0.4647453811186205 0.46706857061170437 0.09733734792420229 0.05845032803659572
6 0.4675653193694431 0.45151033996072654 0.08806978308696523 0.025249038618884
5 0.4611301848050899 0.4797459919640371 0.05505063276347921 0.032571508135417926
