4 0.602320317648118 0.4548359056144642 0.13873422958400516 0.16522416657967082
6 0.5893310717872121 0.4312924831016936 0.10653738723914175 0.05350734791524259
5 0.5649080645391698 0.369164370450891 0.0470220847969115 0.01915718839689623
4 0.4948868917887722 0.4991448478763984 0.11615541513515953 0.07449449038542644
5 0.48169373438190644 0.516662126205137 0.05441989312957046 0.031660145907457804
6 0.5044347865232091 0.4898020269413747 0.08550381097097881 0.03630096403839744
4 0.4638682982949759 0.4193316933169332 0.10475785533869453 0.056543958296725816
6 0.4785821667740487 0.41444276049903356 0.07109991734837984 0.04328837931236451
5 0.4418335634655881 0.42678204846218704 0.05539466663408166 0.030930386011217448
4 0.3891505390506057 0.46984294621286626 0.12083227717249484 0.0636795887878499
5 0.36024601876839185 0.48242337313095096 0.051562816150723 0.028797723478185322
