4 0.5502961758591006 0.48044113442830794 0.1075703442034402 0.07363626691977049
6 0.5496389755649016 0.48482940562782273 0.10664918072325491 0.06444173110839774
5 0.5460260567787449 0.4957517281105991 0.05347897821016101 0.030801971326164912
4 0.48778862456014915 0.5399578297693292 0.10676340491495523 0.07427364481843135
6 0.49200175945819297 0.5383725078815644 0.09282783960511332 0.044160620502677106
5 0.47770248992164643 0.5633190136380103 0.053473147678902544 0.03221273563951921
4 0.460441811383168 0.4087226008696858 0.10555645734606062 0.055529394237258056
5 0.43733314303060467 0.4146613437688277 0.05560670993948624 0.03095609911824998
6 0.4818953274321084 0.4018958512046069 0.06248737260855369 0.04160958942064935
4 0.38015929928250414 0.4778209869621435 0.13583600129329537 0.17004639666204296
5 0.347033723177284 0.38703915474235673 0.048113023717058445 0.02152728907655016
6 0.37837128192933434 0.4835612850008917 0.12756871371103579 0.08680555555555552
