4 0.6072410403720001 0.5039889953656767 0.18396651534471375 0.12246645073615642
5 0.6263662220234991 0.5329284736194948 0.0690873636883026 0.040258914598703344
4 0.43461136059162686 0.4129119048492375 0.13092794395903623 0.0735505385809827
6 0.4667809602632693 0.3964790059412965 0.06207324643078832 0.04031989890928439
5 0.4266187899497674 0.41635873907607135 0.058009171337385035 0.03312767496172775
4 0.5617551775005583 0.4067232779962138 0.1251961878873194 0.07190184942478517
5 0.5716705182205668 0.4139892316849468 0.058582808825763055 0.033537155439487876
6 0.5402267207793502 0.38771921985037683 0.08067843629672672 0.033930232322239184
4 0.4532230567771903 0.47231431666694124 0.09794811117882718 0.06186027175196146
5 0.44874328878160297 0.48565800518925517 0.05522184640958594 0.0326713217338217
4 0.3756340319647813 0.4899755444813585 0.2303706438073363 0.13477451704195897
5 0.4809174802756318 0.5539333010449827 0.04816868103132543 0.027441179559279827
6 0.3833067119230641 0.5214767707397424 0.052826861002961634 0.03030005241090139
6 0.4446829476485467 0.5040194458566345 0.028243800485793336 0.010150115799581916
6 0.4541956922909304 0.45633963044677334 0.0939715225429511 0.026525249739535406
