4 0.6072410403720001 0.5039889953656767 0.18396651534471375 0.12246645073615642
5 0.6263662220234991 0.5329284736194948 0.0690873636883026 0.040258914598703344
4 0.4337601692642451 0.4123373507032548 0.13092794395903623 0.0735505385809827
5 0.4262783134188147 0.41584925195944134 0.05800917133738509 0.03312767496172775
6 0.4669511985287458 0.3964790059412965 0.06207324643078832 0.04031989890928439
4 0.5619254157660346 0.4067232779962138 0.12519618788731934 0.07190184942478517
6 0.5404254548090165 0.38807689171559034 0.08244545915778795 0.034484398782343995
5 0.5715659998436233 0.41395551371863326 0.058582808825763055 0.033537155439487876
4 0.4595712472314447 0.4703702917880609 0.09724790032630248 0.06186027175196146
5 0.45483597229771566 0.4846843961721552 0.05527532252507955 0.031743139432643896
6 0.4621968907683194 0.4525092694735552 0.0861405623310385 0.021928816571673726
4 0.4548768969364793 0.5320629893993722 0.1074149783978543 0.07186002479809656
6 0.45486448547673036 0.5224530288305798 0.10636000431918802 0.03826530612244894
5 0.45690354394246496 0.5475775886293313 0.05643608184673099 0.03280994931241177
