4 0.6674661982927566 0.44757845824918996 0.13715079771990335 0.1618343081757716
5 0.6730885701942719 0.3777723046462179 0.047325997300640466 0.0049601377777317435
4 0.4446383228889139 0.4358156351204131 0.0924987804420428 0.13576025366805516
5 0.4525594253899917 0.37705481922410566 0.046847817070353404 0.00540131843116648
4 0.5477920304357013 0.4223159533354355 0.1304354474610307 0.1659108812236551
5 0.5305478365823193 0.5102649734923441 0.045290490692789565 0.015572260992519626
4 0.3381832253307674 0.4525109501208897 0.12073285667985828 0.06509328447517498
5 0.32344271634663957 0.45949367234268645 0.05521901234901905 0.030123677749672007
4 0.501002870283916 0.551308486357506 0.2959620062016576 0.06548915862641369
6 0.5459009270581513 0.5550819978054462 0.0861069552916327 0.056432902415045394
5 0.657254395859971 0.5624964573240763 0.02959394076394284 0.025192468784812516
