4 0.602320317648118 0.4548359056144642 0.13873422958400516 0.16522416657967082
6 0.5893310717872121 0.4312924831016936 0.10653738723914175 0.05350734791524259
5 0.565203982061038 0.369164370450891 0.0470220847969115 0.01915718839689623
4 0.46448353146834853 0.4193316933169332 0.10475785533869447 0.056543958296725816
6 0.4785821667740487 0.41444276049903356 0.07109991734837984 0.04328837931236451
5 0.4426538743634183 0.42678204846218704 0.05539466663408166 0.030930386011217448
4 0.39171225411392574 0.4512114734045044 0.1257231560820548 0.18471329657723473
6 0.3904591374848783 0.4823675360258747 0.11625218741809695 0.07619124872531752
5 0.36477960396583514 0.35156030702116486 0.04583149874099812 0.020921304750970204
4 0.49623663803647766 0.4991448478763984 0.11615541513515942 0.07449449038542644
5 0.4830459315509149 0.5165464467790049 0.05431630016347627 0.031645017110133344
6 0.5060766722574302 0.48998915616991423 0.08435479766869464 0.036216453854937936
