4 0.40617902089440744 0.561892259389463 0.4323999437099114 0.08233831066605113
5 0.6338139030008462 0.5569084538742415 0.02746451000083283 0.026323957945888377
4 0.3134834542319433 0.4717870702441832 0.12314562686482722 0.06171686480263894
5 0.28364931910517355 0.4805924595797053 0.05993777205318468 0.031223039394381258
4 0.44147571676280184 0.4352995039934634 0.12060836349022591 0.1734157379508962
6 0.44150848413504395 0.44194886817566637 0.1207443246068512 0.08290769747864085
5 0.425026092946042 0.3408264440693123 0.04730727954249875 0.020568325205470084
4 0.5494861082320975 0.4806852855316508 0.10730475773086795 0.07376154565564147
6 0.5491299556379154 0.4849964289223945 0.10668387179295202 0.0651224461384397
5 0.5453730143285054 0.49566236859365487 0.053557426364241656 0.031159451800785554
