4 0.5502961758591006 0.48044113442830794 0.1075703442034402 0.07363626691977049
6 0.5496389755649016 0.48482940562782273 0.10664918072325491 0.06444173110839774
5 0.5460260567787449 0.4957517281105991 0.05347897821016101 0.030801971326164912
4 0.4880269581318162 0.5402259550374544 0.10676340491495528 0.07427364481843135
5 0.4781905900407428 0.5633190136380103 0.05347314767890249 0.03221273563951921
4 0.4097077280497475 0.47030536481274177 0.11513175405292941 0.06410323649787869
6 0.4917751368782938 0.5382891380514423 0.09270175327843738 0.04423301137506952
5 0.43773156210372244 0.4146613437688277 0.05560670993948613 0.03095609911824998
4 0.46053791887125217 0.40887770246322874 0.10537918871252211 0.05639176856282113
5 0.38822115870647367 0.48274953337596643 0.05415857187338796 0.0300251119117807
6 0.483747157943945 0.4019425917957544 0.059098829179150436 0.042207520558424194
