4 0.3753648296421157 0.4679379126281781 0.1217399447487943 0.07462424497822728
4 0.45071693301781796 0.5029454628459054 0.22309985436829083 0.10776618907149882
4 0.43111894963746816 0.58023611620697 0.08818342151675485 0.06773628746124649
4 0.5212485806093112 0.5562520384866275 0.11355125510376657 0.08578631224179167
4 0.6073588466796058 0.5258700869755667 0.13044089223653244 0.08561349100036342
6 0.6040077172673858 0.5093917170919933 0.12496711391739024 0.04809589581689033
6 0.5165182604206995 0.5512606465350368 0.09183980728696173 0.03448025551684086
6 0.4577494160827494 0.49888057700557703 0.20228561895228558 0.10155244530244534
6 0.3899539613825328 0.45619148913483887 0.07959412721317483 0.03691915637728438
5 0.3640281144386235 0.48021004378762994 0.05994735058774464 0.033842560012510736
5 0.34078765605859196 0.5506441082179998 0.052562532037080556 0.030055125498475332
5 0.5350735441047427 0.5880297521307374 0.05755814458605912 0.0344534365470327
5 0.6295229308277944 0.5565352623849065 0.059625801025563696 0.035922583742868386
