4 0.4014396456256921 0.4961323715114287 0.20610311307985718 0.16573742666995972
4 0.49435626102292773 0.5229166666666667 0.18871252204585542 0.12480158730158736
4 0.4734143314390228 0.6013925631981187 0.08589718466261687 0.06742357436801882
4 0.5644548947916808 0.5804405095371482 0.11591199787408502 0.09253701480592236
4 0.6301413996376037 0.533870660895763 0.13227513227513232 0.08615855105244608
6 0.5006611781178687 0.5184220679012346 0.17751852167921478 0.11470734126984133
6 0.5589849108367626 0.5725492357436802 0.08851002678163178 0.0365593768371546
6 0.6242934020711799 0.5171448921448921 0.12029123140234255 0.0478225478225478
5 0.41100512540262146 0.5840016953573293 0.05526989095064211 0.02852764736567559
5 0.580496640162122 0.6107832001655091 0.05685016323314196 0.03398345153664306
5 0.655656999641962 0.5663339897362454 0.06116481680391472 0.035617317102279444
