4 0.61005105090217 0.4316780178147955 0.12210144628156083 0.1572402559843996
6 0.6096443336283406 0.42325247429046103 0.12218315838646654 0.13571085440693964
5 0.5918655871574893 0.5169624641287777 0.04631450017514038 0.021193446776073932
4 0.4891504086274832 0.3894110184371647 0.12464355334129229 0.07118265928421297
5 0.4868395086551314 0.3926801631982842 0.05752711593668669 0.033214229862716826
4 0.4846578199291377 0.4660812782179061 0.09708852732108547 0.06276117831350392
6 0.4868032484311554 0.44758213362864524 0.08425276513131807 0.02095637996800792
5 0.48319275285153973 0.4808756943004723 0.05456384460187952 0.032313384282272095
6 0.45390030670294446 0.5165023748690729 0.09374373874295361 0.058675035123457064
5 0.5499170898546561 0.5448308596667562 0.041347738267099365 0.028095254005985226
4 0.4169423304186148 0.5066725683522944 0.26717649608984917 0.09360806124125626
4 0.36057089574889817 0.436068002418062 0.1282232140736248 0.06561744204141057
5 0.34055452961872457 0.44039446255848147 0.0568147110937286 0.03116232679244796
