4 0.39469192694999145 0.44912874423963134 0.27237298742675087 0.12740815412186385
4 0.47198961240955994 0.4898801712285964 0.2850338152175423 0.13142888388951385
4 0.43084892166256994 0.5804015441788681 0.0874890638670166 0.06755899138229615
4 0.517391562001464 0.558276039744063 0.10114662017423898 0.08219130675526021
4 0.6054967339110213 0.5250039540372052 0.13050950203341738 0.08495256340083923
6 0.5977253199475423 0.5076058201058201 0.11373400262289157 0.04604192104192112
6 0.4712447393223407 0.4912551440329218 0.16843500088650004 0.0962669018224574
6 0.35322088729086887 0.4691747785670437 0.12082590351466965 0.06906077348066292
5 0.2639670408629844 0.505217519106408 0.0445582897082015 0.02676996724615771
5 0.3324490698228072 0.5489486313349949 0.049557625315201026 0.030267501858410983
5 0.6275774198568316 0.5558473389355743 0.06046400041498079 0.03537873482726439
