4 0.4361474203788268 0.41112533254893646 0.13092794395903629 0.07355053858098276
5 0.4292679381599612 0.4155124563148556 0.058009171337385035 0.03312767496172775
6 0.4680480072540785 0.3953338797802447 0.062073246430788265 0.04031989890928439
4 0.5620936379631715 0.4067232779962138 0.12519618788731934 0.07190184942478517
5 0.5719385799068089 0.4135768635308228 0.058582808825763166 0.03353715543948782
6 0.5414462081128748 0.38723544973544977 0.08348030570252801 0.0328483245149912
4 0.46652776773624005 0.46973929576060797 0.09724790032630187 0.061860271751961515
5 0.46275398457938144 0.4839490749088964 0.055249956043606774 0.032592136386779214
6 0.47011297011297015 0.4537062572776859 0.08767270672032579 0.026429490715205006
4 0.6308125125000396 0.4932689186280955 0.3578276470841717 0.22026494441406963
4 0.3525104446406523 0.49860685882065403 0.13073996520614178 0.07844030940160773
5 0.36896318811212425 0.4841058763931104 0.09625126646403237 0.045592705167173175
5 0.3266992018007805 0.5213177207589238 0.05798941025975113 0.03286904968431803
5 0.4616460689907017 0.5998734812294133 0.04893109412883423 0.027262431923449015
