4 0.6072410403720001 0.5039889953656767 0.18396651534471375 0.12246645073615642
5 0.6263662220234991 0.5329284736194948 0.0690873636883026 0.040258914598703344
4 0.43461136059162686 0.4129119048492375 0.13092794395903623 0.0735505385809827
6 0.4663875618568175 0.3942368816458622 0.06121470522765016 0.03599842040376022
5 0.4266187899497674 0.4164448556986463 0.058009171337385035 0.03312767496172769
4 0.5619254157660346 0.4067232779962138 0.12519618788731934 0.07190184942478517
5 0.5719001351639026 0.41392549028542935 0.05837347922541991 0.03319954651020279
6 0.5422193655761731 0.38887840934495865 0.08461261395533692 0.03580510842834789
4 0.4484652737517383 0.47442212716032545 0.09916950962944443 0.061925519690648634
6 0.45729624661549545 0.45769408115358823 0.07840251384852315 0.026024200760116245
5 0.44168805017972274 0.48784465788336295 0.05576564337999956 0.03257113126923111
4 0.2951483914127593 0.5027666598248495 0.1805479535364593 0.17510775862068967
5 0.35802678504365204 0.5733315949667199 0.043090667317802867 0.015033001626232778
