4 0.44478688481668904 0.408566873590013 0.12855651988400058 0.07329631107564066
5 0.4394046660787666 0.4121479725378202 0.05791102021260747 0.033016913597270825
6 0.4794812860896437 0.3872084548104956 0.05861755132892155 0.030369290573372176
4 0.572584489251156 0.4068535212508426 0.12753229419896084 0.07234067613531897
5 0.5852952436678767 0.4135860953338635 0.058304005495434574 0.033569991747051664
6 0.5518721739572219 0.39131393298059963 0.08582460571486628 0.04123391469070481
4 0.48180292735699637 0.4672885456106499 0.09673855053782004 0.06135453831124699
6 0.48374306220981644 0.4505621693121693 0.08704062455156075 0.023768187830687848
5 0.48199735266249344 0.4827618303124181 0.05358252948071224 0.03281677637300817
4 0.6383361536913024 0.49583706275004485 0.3329344983026323 0.23099485379140627
5 0.48831366741711857 0.6092333666099378 0.049206774645315476 0.02532822546272362
4 0.37704065481843263 0.47621167412834087 0.1865418532085199 0.17445902862569534
5 0.4428962733882038 0.5474060717357931 0.04304995145649271 0.01512280989120196
