4 0.3942060872753942 0.4889104981926764 0.24097647860024102 0.15666745245953168
4 0.4922935357717966 0.5222665640949802 0.19093627789279966 0.12523912853881786
4 0.47243232366274873 0.600665814698287 0.08670383390741343 0.06811547940190055
4 0.5625007020973052 0.5803097512890506 0.1148631191094035 0.09336138914164405
4 0.6273753632908563 0.5330652470788786 0.13382765730183566 0.08592070190752371
6 0.3918614293890232 0.49090676902659525 0.16819089666771792 0.09664488725953962
6 0.49895235080420275 0.5176536426536427 0.17787425194832607 0.11574074074074081
6 0.5564063959355161 0.5705975572047001 0.08766189063586838 0.03414244485673046
6 0.6252919559122545 0.5150155081530934 0.12367863520903366 0.04635180258495625
5 0.5783794999481273 0.6101697109712052 0.057924404329633083 0.033850624923066674
5 0.6526126644676156 0.565144119014412 0.06143322042903632 0.03611277146842007
5 0.4087754866571066 0.5828952492211839 0.055217656463762366 0.02932150274439993
5 0.28420691392776776 0.5639612166705762 0.05321413367390382 0.030543826726092682
