4 0.4679177066189028 0.39657733246135457 0.12482691062612117 0.07079828768907093
5 0.4630492664573974 0.4003849430552088 0.057710771996486276 0.033228381442667154
4 0.5832032948435065 0.47105878579092864 0.1345851874952404 0.17745564620564624
6 0.5803338549817423 0.46939623854236534 0.12854907221104417 0.08575760116253078
5 0.5600869093919882 0.5642765392304256 0.04790093800045747 0.022082264328746826
4 0.4658963293100355 0.4651346794484189 0.09810767360584272 0.062098447121274825
6 0.46914318183495307 0.4499049445440658 0.09039723126194538 0.026669489274091795
5 0.4623236701641943 0.4796324238165818 0.05452944400137477 0.03214077739315119
6 0.4701376042031459 0.5339692338956231 0.10949910118095096 0.08043409104054605
4 0.46943554496952417 0.5488249798711755 0.08898218439281236 0.048794427191166445
5 0.4696144020720193 0.5560405729633363 0.05415567190028209 0.034048129508328584
4 0.354940363242071 0.4440195937245866 0.11748725774658725 0.15602763282732457
6 0.34799731424922686 0.46602918097237767 0.09553341761857875 0.04169523345313525
5 0.33354218113690226 0.5263733352374851 0.04699351229789711 0.01776528955647738
