4 0.6029781254837518 0.45489190377951627 0.13955208378814277 0.1653361629097751
6 0.5898262770894374 0.43147874462185 0.10665561988440142 0.05386897288477549
5 0.5656102145754345 0.3688632697138451 0.04755796051187444 0.01942050953273905
4 0.4635113443990255 0.40465391513790083 0.10581457592327159 0.05519518112428917
5 0.44104154542081186 0.41031765845157286 0.05640755439467199 0.030724651422115168
6 0.48367728162248713 0.40056086741368496 0.06547866136907232 0.047051556527739624
4 0.5062245480948173 0.5106451848848191 0.11064750812762697 0.07673414352327113
5 0.49830203262876605 0.5305281771142152 0.0532898590325277 0.031610759565444235
6 0.5084085027309759 0.5036728140688339 0.09627632665155306 0.03829686550100897
4 0.3453513583483002 0.47000145623998835 0.14703978771257065 0.15627275374981803
5 0.3870890098748392 0.5502405873782686 0.04445807666419588 0.017313185338547754
