4 0.6071028955678053 0.43191907039018884 0.12202579987305051 0.1564400010573972
6 0.6070302775475906 0.4238129766170688 0.12230297366208365 0.13653614818460091
5 0.588554007481656 0.5171140195667812 0.04671959775318946 0.021973511254034572
4 0.4368142367478747 0.5134947806822289 0.26563130041213245 0.0924285661897053
5 0.5699003248022856 0.5504325127486892 0.03990200068631444 0.02811220642102996
6 0.472365826975756 0.5234339143913611 0.09320597973080247 0.058814806155231714
4 0.48935702036477235 0.3894586328141145 0.1247703960882256 0.07125807582618215
5 0.487063940453771 0.39272682943233794 0.05791707769108895 0.0329987220877051
4 0.48446417515984874 0.46570550113289844 0.09785693475467322 0.061233777000076095
6 0.4844885621680115 0.4474528257714098 0.08792329342968491 0.02063140890574522
5 0.48279884261954353 0.480993130748632 0.0544408653618107 0.03310920945395268
4 0.386117087643302 0.43720022298037964 0.11740574944103993 0.06691297728908013
5 0.38741182094356696 0.4401264306398235 0.05613552240536368 0.03079849620028191
