4 0.3655510438456175 0.4622900516795866 0.39682539682539686 0.1961055740125508
4 0.45482954059005837 0.5060246185852982 0.22045855379188717 0.11052357836338428
4 0.43100387060118606 0.5810895387237669 0.08788750399488654 0.06624853520826679
4 0.5259933951209119 0.5627796420581656 0.11452008096303401 0.08955204005539574
4 0.6099633933018695 0.5266592095451156 0.1318244532906777 0.08589006072227545
6 0.6005783956094515 0.5092027753130237 0.11283096169224527 0.04606009070294781
6 0.520212932952898 0.5537981229828649 0.08933765478268102 0.03480013296767215
6 0.4632895682278398 0.5022780717225162 0.20216865895878244 0.1025132275132275
5 0.17343241177143337 0.5537212821936481 0.04770331846554826 0.027515428572788436
5 0.3496983871380006 0.5560587761674718 0.05463538072233726 0.029833793420749988
5 0.5399174207585422 0.5907181797952825 0.05748405281115576 0.034073208722741444
5 0.6324404761904762 0.5577122153209109 0.06031990985694691 0.035652281746031744
