4 0.4055457807418416 0.5622621328496455 0.43267338371275466 0.0837705408964865
5 0.6332901901404726 0.557215192411167 0.02777289147345663 0.026181249698198905
4 0.23506462897588534 0.43936411692642185 0.17978950220320994 0.15030366192433492
6 0.2285299871820819 0.42535399861219536 0.11540945056427751 0.06627309393702835
5 0.3101383003343787 0.5154465632406808 0.0500770108613246 0.024464914170796548
4 0.4408822983384387 0.4353004908103592 0.12140470223176991 0.1739187999761308
5 0.42475046729170923 0.34095654493132194 0.0471453396670225 0.020408253553120037
4 0.5491280353701736 0.4802108632122267 0.10719466301227304 0.07388196901205446
6 0.5487434064213397 0.48490337952758683 0.10645672025008668 0.06449693638133425
5 0.5452292377174301 0.4957551553232164 0.05338469530552459 0.031038465808593707
6 0.44140975239671704 0.44171765540480623 0.1202053343580346 0.08396515030593243
