4 0.6072410403720001 0.5039889953656767 0.18396651534471375 0.12246645073615642
5 0.6263662220234991 0.5329284736194948 0.0690873636883026 0.040258914598703344
4 0.43461136059162686 0.4129119048492375 0.13092794395903623 0.0735505385809827
5 0.4266187899497674 0.41635873907607135 0.058009171337385035 0.03312767496172775
6 0.4667809602632693 0.3964790059412965 0.06207324643078832 0.04031989890928439
4 0.5619254157660346 0.4067232779962138 0.12519618788731934 0.07190184942478517
6 0.5404254548090165 0.38807689171559034 0.08244545915778795 0.034484398782343995
5 0.5715659998436233 0.41395551371863326 0.058582808825763055 0.033537155439487876
4 0.4532230567771903 0.47231431666694124 0.09794811117882718 0.06186027175196146
5 0.44874328878160297 0.48565800518925517 0.05522184640958594 0.0326713217338217
6 0.45250052312199207 0.4561495325531343 0.09640390996323206 0.02616777643260698
4 0.38727463422923003 0.5165325071396092 0.10687479126017341 0.06972922951486216
5 0.3727204553691251 0.5327515753352021 0.053014748828520364 0.03083180349905701
