4 0.6072410403720001 0.5039889953656767 0.18396651534471375 0.12246645073615642
5 0.6263662220234991 0.5329284736194948 0.0690873636883026 0.040258914598703344
4 0.4337601692642451 0.4123373507032548 0.13092794395903623 0.0735505385809827
5 0.4262783134188147 0.41616722102741044 0.05800917133738509 0.03312767496172769
6 0.4669511985287458 0.3964790059412965 0.06207324643078832 0.04031989890928439
4 0.5619254157660346 0.4067232779962138 0.12519618788731934 0.07190184942478517
6 0.5404254548090165 0.38807689171559034 0.08244545915778795 0.034484398782343995
5 0.5715659998436233 0.41395551371863326 0.058582808825763055 0.033537155439487876
4 0.45799578106376704 0.47104272761000815 0.09794811117882718 0.061860271751961515
5 0.4532253283549492 0.484860185570827 0.05527532252507955 0.031743139432643785
6 0.4590395480225989 0.4533120628194781 0.09005171434549963 0.023015032284100068
4 0.4300753538871605 0.5386307057578544 0.11886523722801856 0.08292022265921384
6 0.43301571693902075 0.5221502317741255 0.11335081394078445 0.044994030060401646
5 0.4230725883124765 0.5728628480601403 0.055510887482565 0.033967195529133076
