4 0.5379481157542383 0.3436791383219955 0.5156030666234749 0.23485584710074506
6 0.6223072562358277 0.3641784094590217 0.2726487420364972 0.19385730482669256
5 0.7950747759421228 0.42618237771298995 0.06478781988986071 0.04960317460317465
3 0.4325186864869405 0.4596167170571932 0.21835894851767873 0.10274943310657592
3 0.44826572604350384 0.528903691106072 0.3117913832199547 0.13030675233056183
0 0.4049613672629546 0.453908415217939 0.12965062568237168 0.08267195767195767
0 0.4655874695557235 0.5133534895439658 0.16901822457378013 0.06298815822625337
0 0.43750524901318555 0.5653187200806249 0.16324431006970697 0.05353993449231553
6 0.619672251616696 0.5788414902998236 0.05915637860082312 0.05594135802469136
2 0.6510875955320399 0.5860063932980599 0.05291005291005291 0.04602072310405647
2 0.40233686067019403 0.6106701940035273 0.1998824221046443 0.1256613756613757
