4 0.3605145762008507 0.4553644374416433 0.12254901960784309 0.07112219887955185
4 0.4657893546782436 0.4851148080314747 0.2788706492410197 0.13630274046940716
4 0.4313073757518202 0.5805507985945839 0.08705286483064256 0.06771196213286601
4 0.5180776014109347 0.5577621673669467 0.10179997925095963 0.08297589869281041
4 0.6054673721340388 0.5251984126984126 0.13015873015873014 0.08531746031746035
6 0.6016161414484266 0.5074186383148647 0.12340132885206256 0.046171508435659314
6 0.46504838171504836 0.48698251823251826 0.16802516802516804 0.09618993993993996
6 0.3604795271461938 0.4553940100815101 0.12095428762095434 0.07055046117546115
5 0.3477888213090705 0.46497181427087964 0.05851423296906161 0.03384141818721259
5 0.3300697225930871 0.5473543726484782 0.0502727917058135 0.030790187219520093
5 0.6274495394865764 0.5557622354497354 0.060503625318440224 0.03568672839506182
