4 0.4154704138184645 0.5710538658831708 0.4326931175612619 0.08797099327206104
5 0.6420148781259892 0.5618513431013432 0.029111834667390202 0.02639143264143262
4 0.3011655547887432 0.4474709569818265 0.11080438616670502 0.16527202668507018
5 0.28498397546016596 0.3789966234162663 0.04571266476028374 0.007857965447251147
4 0.4412437128486511 0.43531378600823045 0.12084394800444176 0.17361111111111116
6 0.44159447711720334 0.44161464147549245 0.12002131863878757 0.08372642937509772
5 0.4248669425473175 0.3408839352095498 0.04673502555867287 0.020275358219873696
4 0.5495559012027511 0.48038427308876264 0.10714629192147307 0.07340252966021726
6 0.548976959621519 0.4847052230709268 0.1061344772390943 0.06456864364904441
5 0.5452122403303479 0.49574399666078894 0.05325800006913872 0.031065523497993908
