4 0.4121863799283154 0.5331541218637993 0.2742219946521021 0.07456477214541729
6 0.4480287300141815 0.5393530927067512 0.0778873735655935 0.056117662824979986
5 0.5554981555038258 0.5527745346307351 0.03360925242596169 0.02757345057979954
6 0.39568302068302064 0.4651481331168831 0.11852653519320183 0.07193587662337664
4 0.38780932451145717 0.47305109766745107 0.09167636403076063 0.04986705850836748
5 0.3850820163456329 0.47710635179997923 0.05633940819126004 0.032987732129889036
4 0.6331232518753207 0.4363167524747402 0.15397070594025253 0.16154589007897097
6 0.6349765631347116 0.41990682359534814 0.1134492375250975 0.06524099761804675
5 0.5756217497684484 0.5211322820628976 0.050694470550956106 0.024063567880302617
4 0.5476335205675833 0.39612126883578075 0.21113238888457253 0.1907629833774377
6 0.5565066350307599 0.3731000009530048 0.15934752610880015 0.09672546850290459
5 0.45002019447759045 0.4948712549124221 0.0517081723551332 0.02376514942517316
4 0.305686552667229 0.40214066453876235 0.23659356388824984 0.14685954393834832
5 0.41142285433824677 0.3329874763361002 0.05035893618972109 0.02780811611086842
