4 0.6053443137761281 0.4494229476451347 0.1704364073590332 0.19022911524491798
6 0.6083354623361759 0.4239537919892431 0.14488359460344813 0.08900703694234585
5 0.5389456760221386 0.5489188033020966 0.0491545453147777 0.02287681790328122
4 0.46464648255982066 0.46603504755283987 0.09733625080998592 0.06064642275608145
5 0.4610626466687072 0.4800439459530369 0.05445144081507719 0.03197560015741835
6 0.4686813418326501 0.4499414242374993 0.08923680709801296 0.025817351969229074
6 0.4597304150442347 0.5343006206075684 0.10955275761056449 0.08003093046172749
4 0.4597026604068858 0.5484294656829869 0.08880443152743628 0.048904538341158044
5 0.4593016977119488 0.5558105933144999 0.054078392967860656 0.033988471911693074
4 0.45253188141262535 0.4066939549223013 0.12803789737922977 0.07305076448777231
5 0.44824691153439744 0.4097675817364811 0.05786356609401877 0.03246360272504062
6 0.48958295840382005 0.3874684469155864 0.053239990881714216 0.03375748555992786
4 0.34847824449433806 0.4748293921100397 0.12896761872237322 0.06911554588965413
5 0.32643320533745523 0.48289151111731754 0.057342005626695836 0.03078984933823642
6 0.36417606164786104 0.4688011278473263 0.07352473579506724 0.048076669340708034
