3 0.5343212370272341 0.38886857359553606 0.3313714564324023 0.09548187875832931
0 0.35322490771052445 0.3451060458313018 0.06355784634672978 0.028441410693970437
2 0.3192693459636414 0.3367259873232569 0.04753778644563622 0.025901999024865896
0 0.5208260778714215 0.3628819275150333 0.11039910844884027 0.030980822363074978
0 0.564532980427666 0.413839455008397 0.15428014209096613 0.034366704588547625
0 0.5920456919969352 0.4018618966357874 0.06930417218081764 0.030218998862343527
3 0.5351921470342523 0.47826452705838673 0.2815073397780165 0.06541237352640866
2 0.39212614870509604 0.5028485565766267 0.02879221864184267 0.02059547015687363
0 0.4229323308270677 0.4944725819177574 0.03252178064208139 0.01457637148426627
0 0.5689073875164101 0.47119389909960085 0.11830170664757134 0.04343903740833571
0 0.5846461391574174 0.4978809871901977 0.09428332736603406 0.014431332962034693
