4 0.61005105090217 0.4316780178147955 0.12210144628156083 0.1572402559843996
6 0.6096443336283406 0.42325247429046103 0.12218315838646654 0.13571085440693964
5 0.5918655871574893 0.5169624641287777 0.04631450017514038 0.021193446776073932
4 0.4846578199291377 0.4660812782179061 0.09708852732108547 0.06276117831350392
6 0.4868032484311554 0.44758213362864524 0.08425276513131807 0.02095637996800792
5 0.48319275285153973 0.4808756943004723 0.05456384460187952 0.032313384282272095
4 0.4270478840118903 0.5036248190899785 0.2628942378551143 0.10917110852247985
6 0.4627969029341351 0.5204338227556292 0.0966260569313025 0.05676720488907866
5 0.556212953332295 0.5498780411974855 0.0426261743134172 0.02841230271785833
4 0.36740880676129195 0.38217176405445896 0.23684064495738005 0.13726711614878506
6 0.33599212042540594 0.4016309267609483 0.11435378125956797 0.06187586823347224
5 0.25786193585059053 0.4463347773453523 0.04972707542915544 0.02726455044982251
4 0.49806054108886355 0.39186183732752367 0.12518011319754246 0.07142208735345984
5 0.4966758574111314 0.39584716283670773 0.057039741473252414 0.032820665508242364
