4 0.38904450669156554 0.49008271664521663 0.11671335200746963 0.07390202702702697
4 0.47836264135283735 0.516371582178069 0.19419804959020642 0.12347320637294473
4 0.4524071084805549 0.5947651836158192 0.08650195797088456 0.06652290153349472
4 0.5481708702567598 0.5737956658202056 0.11334004176539958 0.09066214971122943
4 0.614819301724757 0.5284674908637745 0.13371201732684945 0.08541139576734336
6 0.3882506159707251 0.4898766075773374 0.11711966803727303 0.07422372842080865
6 0.4847349567846462 0.5119756235827664 0.18074862795359697 0.11353273193335311
6 0.5441155441155441 0.5648729086229086 0.09295009295009299 0.035258472758472825
6 0.6130390964759495 0.5104351523217983 0.1240592855499687 0.04544390219856048
5 0.6395459418335234 0.5600417250233427 0.06095030604834528 0.03610819327731085
5 0.5622773800878376 0.6027150443510737 0.0572759968184805 0.034162970743853105
5 0.39152024446142086 0.5761395467277819 0.05635250733289948 0.029443595620066154
5 0.3786699865131238 0.5041221033868093 0.05800299917946977 0.03421823274764446
