4 0.6053443137761281 0.4494229476451347 0.1704364073590332 0.19022911524491798
6 0.6083354623361759 0.4239537919892431 0.14488359460344813 0.08900703694234585
5 0.5389456760221386 0.5489188033020966 0.0491545453147777 0.02287681790328122
4 0.46464648255982066 0.46603504755283987 0.09733625080998592 0.06064642275608145
5 0.4610626466687072 0.4800439459530369 0.05445144081507719 0.03197560015741835
6 0.4686813418326501 0.4499414242374993 0.08923680709801296 0.025817351969229074
6 0.4597304150442347 0.5343006206075684 0.10955275761056449 0.08003093046172749
4 0.4597026604068858 0.5484294656829869 0.08880443152743628 0.048904538341158044
5 0.4593016977119488 0.5558105933144999 0.054078392967860656 0.033988471911693074
4 0.45253188141262535 0.4066939549223013 0.12803789737922977 0.07305076448777231
5 0.44824691153439744 0.4097675817364811 0.05786356609401877 0.03246360272504062
6 0.48958295840382005 0.3874684469155864 0.053239990881714216 0.03375748555992786
4 0.32469512284394286 0.46248153680285153 0.11056280384028988 0.1563061276231757
6 0.32990941460886813 0.48450053799017156 0.0931319237330166 0.040681030013238306
5 0.3401424650387515 0.5451006598155737 0.04681750509946636 0.017417133492923953
