4 0.44478688481668904 0.408566873590013 0.12855651988400058 0.07329631107564066
5 0.4389615333073257 0.4120233414458524 0.05791102021260752 0.033016913597270825
6 0.4794812860896437 0.3872084548104956 0.05861755132892155 0.030369290573372176
4 0.572584489251156 0.4068535212508426 0.12753229419896084 0.07234067613531897
6 0.5461808187102133 0.39093144396863716 0.07503529820567556 0.04052794250076641
5 0.5847682511090115 0.4135860953338635 0.058304005495434574 0.033569991747051664
4 0.46829797692948977 0.46927024769538894 0.09673285724760927 0.06136982655344231
5 0.4649637035521247 0.48353877317205973 0.05512462818209596 0.03260418072668608
4 0.6373704103081895 0.4954984748549699 0.33864422962167334 0.2293473432257893
5 0.4832352939902273 0.6071484620213434 0.050129816567219376 0.025782441036678372
6 0.4716969346583768 0.45321010428459974 0.09012611464054815 0.026433860288390565
4 0.3927848013171654 0.5142759504671065 0.11439578331236344 0.07496563776851062
5 0.38158998078985384 0.5316075030923562 0.056513304507320616 0.032861344252103186
6 0.3969728607409767 0.5068979933110367 0.09673632862038656 0.0406447417316983
