4 0.36683654943458865 0.4726109193677471 0.10666303558460416 0.06653703147925827
4 0.45007700524132455 0.5033674267829198 0.2238741088506347 0.10724066621953954
4 0.43129145241821304 0.5790462261567859 0.08818342151675485 0.06976077818050386
4 0.5210872199634977 0.5562166310783418 0.11370920081603225 0.08554558186911132
4 0.6073778323898216 0.5261471749685562 0.13013178522437785 0.08577215608465616
6 0.6021048370775146 0.5105332205742041 0.11902352521660353 0.050958452597796855
6 0.5162003342498247 0.5511042663062313 0.08972374328997323 0.033899112774658735
6 0.46022065662474815 0.4993369990707802 0.2028218694885361 0.09921826783720628
5 0.3574577979339884 0.48345379818594103 0.05647938187620727 0.033423091458805676
5 0.34181573864113546 0.5504771352985638 0.0550096581842614 0.03023431594860171
5 0.5352110651023694 0.5885659290890269 0.0567920404876926 0.03410218253968256
5 0.629349587682921 0.5570302445302444 0.060477143810477196 0.03552659802659808
