4 0.341007167248302 0.4902315461740886 0.2148298247589028 0.1282206293674592
4 0.46631393298059964 0.5105143774427694 0.20388007054673718 0.11944743559065168
4 0.43617112482853226 0.587918182319224 0.08665245933764448 0.06596533289241613
4 0.5345717632822256 0.5666348047734908 0.11393040590120884 0.08762020623334488
4 0.6108539094650205 0.5270337301587302 0.13166274740348805 0.08473875661375663
6 0.607735427268336 0.5092223991507431 0.12244577000415646 0.04565387726215753
6 0.5282485153660678 0.5575564565600799 0.08775741464952419 0.03318859750019165
6 0.4742308446012149 0.5059523809523809 0.18943105362858453 0.11022927689594364
5 0.3153164209890348 0.5137997712522298 0.06970186610905171 0.039355812185153494
5 0.3725837391176037 0.5676203914500726 0.055861211239697284 0.02934689812179847
5 0.5486438819772153 0.5957743457743457 0.057200057200057275 0.034051909051909135
5 0.6338574305477379 0.5582995609591355 0.06066519068883136 0.035707249802994445
