6 0.3914994209541143 0.46326789370131083 0.1195350650962041 0.07081870995187578
4 0.38376661492239383 0.4706070032703199 0.0912853509168417 0.04985243678711021
5 0.3808828915657759 0.4750938352387493 0.05651420623076503 0.03298630283272519
4 0.4121863799283154 0.5331541218637993 0.2742219946521021 0.07456477214541729
6 0.4480287300141815 0.5393530927067512 0.0778873735655935 0.056117662824979986
5 0.5554981555038258 0.5527745346307351 0.03360925242596169 0.02757345057979954
4 0.6331370693794081 0.43639332484453697 0.13579299887629148 0.1625467809296523
6 0.6315741173553242 0.419540201408518 0.10907595270789228 0.0638390347921628
5 0.5856888311777046 0.523000576844943 0.0497385305121959 0.02325095191426041
4 0.5418157074685239 0.3960378013115408 0.20346103791132492 0.1925006178021953
6 0.5506049703061523 0.37194227200123425 0.15639448291439906 0.0956116079936834
5 0.456133601721586 0.4954920289501702 0.051429041017708066 0.02469999349799651
4 0.36170261362159173 0.3989151443253934 0.2500279644998675 0.16015004049518655
5 0.457173733035802 0.33643320281251315 0.039998315860384825 0.021183318597111755
