4 0.35787058440780123 0.4791762983510557 0.12842245851954592 0.07657189089227928
4 0.4668306568891364 0.5105977315916816 0.2042142393019586 0.1201126682563472
4 0.4363919056901513 0.5879281537176273 0.0874872366100436 0.06578947368421051
4 0.534656801594471 0.5655971738288812 0.11363473423094017 0.08993095883339797
4 0.6108193764835368 0.5270803496837331 0.1316120990306454 0.08484753550543017
6 0.6066091153810452 0.5090852130325814 0.12252854358117515 0.04568713450292389
6 0.5289160449550965 0.5575168526266853 0.08965929468021522 0.03351846317327478
6 0.47398589065255725 0.5059790782551338 0.18975182665658852 0.11075655437408605
6 0.3752055483134389 0.46589841653247455 0.08924843868483162 0.04445115405260336
5 0.33920478646217045 0.49668056392739934 0.060258671369782524 0.03521825396825379
5 0.37242512970668307 0.5676673986746803 0.05564973202513657 0.02913584527662194
5 0.5486241891609123 0.5957635525961797 0.05698293127671661 0.034049636803874184
5 0.633799909162228 0.5582430854169985 0.061050061050061055 0.035999628390932736
