4 0.3878358247290286 0.4540327271635717 0.23030427561171896 0.11289309090324634
4 0.47052154195011336 0.4884731670445956 0.2876459225665574 0.12849584278155712
4 0.4313696898998736 0.5804511617933986 0.08714188504214748 0.06785033233121318
4 0.5170161343000849 0.5575764256319812 0.10190084264158344 0.0834068195179305
4 0.6049928985032229 0.5244548040455119 0.12993397949150165 0.08537891557803057
6 0.5971502357556779 0.5069773445092323 0.11495338876291261 0.04643970683511495
6 0.4704529010084566 0.49038779507529506 0.1698661420883643 0.09554970492470494
5 0.2721625105780562 0.5072647519396398 0.05437318591279727 0.030473699195672388
5 0.3290548043634463 0.5462473055065646 0.04735776340714615 0.0300068587105623
5 0.6262319742711899 0.5551178804855275 0.06043158003942317 0.0358893557422969
