4 0.6106087845708918 0.431866090460258 0.12165614509658385 0.15730307684040523
6 0.6105020883524878 0.42345738449700865 0.12197746039430868 0.1364222386485458
5 0.5924436386102785 0.517303553630651 0.04671420922292757 0.02139036723778387
4 0.4864188650756943 0.4663922758859852 0.09783943913242582 0.06177832505834818
6 0.4871969652233201 0.44851470730297144 0.08629169795286412 0.021609303787521572
5 0.4853887775226544 0.48145763813768405 0.05469959173662886 0.03259612634612635
4 0.5071515075368506 0.39678927265662634 0.12550642168242104 0.07116060988511291
5 0.5073150898793818 0.40103816587132785 0.05783191829703466 0.03322259136212624
4 0.3825847618946967 0.37048454707892575 0.19402806117506266 0.18072710370113704
6 0.37555442355386787 0.3688986303514645 0.15912341905673388 0.10220404036394592
5 0.3019757619324719 0.4624445269737477 0.0515938286501057 0.026292700805687852
4 0.45147239591684035 0.5245159932659933 0.27123082678638244 0.08582852332852331
6 0.48705343268324375 0.5339780198046686 0.08593903428889588 0.058666340466081546
5 0.5908264128392267 0.553605782627135 0.037047262244839896 0.02808645404951282
