4 0.6053443137761281 0.44946112742854233 0.1704364073590332 0.18993894889102003
6 0.6083354623361759 0.4239537919892431 0.14488359460344813 0.08900703694234585
5 0.5389456760221386 0.5489188033020966 0.0491545453147777 0.02287681790328122
4 0.46464648255982066 0.46603504755283987 0.09733625080998592 0.06064642275608145
5 0.4610626466687072 0.4800439459530369 0.05445144081507719 0.03197560015741835
6 0.4686813418326501 0.4499414242374993 0.08923680709801296 0.025817351969229074
6 0.4597304150442347 0.5343006206075684 0.10955275761056449 0.08003093046172749
4 0.4597026604068858 0.5484294656829869 0.08880443152743628 0.048904538341158044
5 0.4593016977119488 0.5558105933144999 0.054078392967860656 0.033988471911693074
4 0.45863638821518804 0.4064050473561859 0.1283306849404255 0.07300659755593347
5 0.4545506626091449 0.4096560106767042 0.05749743209350472 0.0325398304984435
6 0.49485254911611504 0.38840439276485794 0.054140519256798414 0.03529900332225916
4 0.3159249811035525 0.47488396400226757 0.1279446963970774 0.1632033021541951
5 0.3354295957655131 0.560925535489489 0.04520386303332041 0.015969441841534815
