4 0.6365971517126711 0.43634634393639854 0.1549036571110971 0.1632674188837696
6 0.6384420534308678 0.41987922126344945 0.11274457583182418 0.06641498881431762
5 0.5782556377599505 0.5214578410384789 0.0507321852446867 0.02412935299133301
4 0.5514145793841927 0.4130767344035645 0.17266364526953848 0.19309637856771839
6 0.55461146730988 0.386770141234427 0.14824975142435454 0.09133558240701095
5 0.4840960004017201 0.5141472716225669 0.050753211690159505 0.02455030361379751
4 0.42280102376256223 0.41906794460881 0.12911174770149136 0.1601279996712689
6 0.4228954956468184 0.4292052469135802 0.1291257243638197 0.13758975812547242
5 0.44961166467435265 0.3322450623909649 0.05150709982092122 0.023228465479033344
4 0.32733122488761585 0.42857912079305405 0.11694248849637323 0.14721280507817158
5 0.35176277830453717 0.3470951906777491 0.05110602398120828 0.02447436318815266
4 0.4202665595070658 0.5392775517379947 0.2980376398097917 0.07895695197910385
6 0.4663449975949976 0.5477486922799423 0.09344436427769759 0.06059478715728717
5 0.5747278066998344 0.5614438956142356 0.03319785420003529 0.026483070954500754
