4 0.37176396913329657 0.4330859453486036 0.3916940830313773 0.20249397227245336
4 0.4656236696466582 0.4848091276231372 0.27975430274280855 0.1355500600669683
4 0.43091047819180206 0.5800633699502935 0.08755800717975665 0.06780151193706108
4 0.5174023755160022 0.5581006399069226 0.10075018569252286 0.08232568769217985
4 0.6052447246300674 0.5245969761647253 0.13102430360113582 0.08464315225233482
6 0.4633366215287119 0.4858378732849072 0.16964098885002832 0.09731470271724507
6 0.6033259238387443 0.5067873394037362 0.12601358755204906 0.04540907248397136
5 0.6273280082803893 0.5555459796531226 0.05992386944767891 0.03552659802659808
5 0.3295599032033141 0.5467170157890715 0.050449120216562116 0.03103082318198591
5 0.18406961178045514 0.52890131956397 0.05011226564104743 0.027690125581691816
