6 0.3946042682002184 0.4636620780723771 0.11869645313720645 0.07142999667916616
4 0.3873659382496083 0.47225200650971083 0.0912853509168417 0.049852436787110155
5 0.38417361906285263 0.47645331523343337 0.056514206230764974 0.032986302832725134
4 0.4121863799283154 0.5331541218637993 0.2742219946521021 0.07456477214541729
6 0.4480287300141815 0.5393530927067512 0.0778873735655935 0.056117662824979986
5 0.5554981555038258 0.5527745346307351 0.03360925242596169 0.02757345057979954
4 0.6326980284062156 0.4361909660600891 0.13579299887629148 0.16254678092965236
5 0.5856193026672714 0.5230364400149741 0.049919961184848316 0.02294348222271536
6 0.631158157819868 0.419540201408518 0.10907595270789228 0.0638390347921628
4 0.5418157074685239 0.3960378013115408 0.20346103791132492 0.1925006178021953
6 0.5506049703061523 0.37194227200123425 0.15639448291439906 0.0956116079936834
5 0.456133601721586 0.4954920289501702 0.051429041017708066 0.02469999349799651
4 0.36643385089908675 0.4103405512278657 0.22736724975142475 0.12441301188617038
5 0.47550283519671277 0.35147152892688605 0.056123908164724456 0.032246851443280045
