4 0.61005105090217 0.4316780178147955 0.12210144628156083 0.1572402559843996
6 0.6096443336283406 0.42325247429046103 0.12218315838646654 0.13571085440693964
5 0.5918655871574893 0.5169624641287777 0.04631450017514038 0.021193446776073932
4 0.4846578199291377 0.4660812782179061 0.09708852732108547 0.06276117831350392
6 0.4868032484311554 0.44758213362864524 0.08425276513131807 0.02095637996800792
5 0.48319275285153973 0.4808756943004723 0.05456384460187952 0.032313384282272095
4 0.49851045650476533 0.39186183732752367 0.12518011319754246 0.07142208735345984
5 0.4969008151190824 0.39584716283670773 0.057039741473252525 0.032820665508242364
4 0.4286508262169255 0.5073936645882395 0.26512548155397647 0.10300643184644864
6 0.46431455719218556 0.5216450762356336 0.09377471329998455 0.058593468517157465
5 0.560272840043944 0.5497578569058326 0.04169199900372367 0.028449412759409154
4 0.35313975379408336 0.39814118494451856 0.11689031275679496 0.06190316623017239
5 0.34387246899017143 0.4006356363347889 0.05700927899609631 0.032104097252402375
