4 0.637136151638293 0.43592625592763123 0.15490365711109721 0.16251762190243918
5 0.5784341006199252 0.5216202868952393 0.05130665802554535 0.024093579902033646
6 0.6376499867705376 0.4195821962658256 0.11274457583182418 0.06641498881431762
4 0.5512526219595482 0.41322262609357385 0.16894270496050606 0.19309637856771839
6 0.5528123528711296 0.38673965695177415 0.14598621964874664 0.0909611156290473
5 0.485853293941105 0.5146733402569378 0.050753211690159505 0.02455030361379751
4 0.42053217222247774 0.5402541674607786 0.29803763980979175 0.07855601126628264
5 0.5754416005021618 0.561487711147657 0.03260869688507051 0.025729912197691385
6 0.4672542030798881 0.5481469627674984 0.09344436427769759 0.059989764230835574
4 0.421441516212758 0.41898023285890934 0.13309294355045986 0.15993869394604687
5 0.4513195543105662 0.3324740221407059 0.051263791136251236 0.023002391231697783
6 0.4215546670947058 0.42835979711860817 0.1324597267579723 0.13944641602653823
4 0.29269863180330125 0.42557583031308577 0.1467026854955838 0.07581076364097927
6 0.3241640571572545 0.4182104389374798 0.07918511319871863 0.059473194039520616
5 0.265797547368328 0.4326778704240509 0.061158960458713746 0.032755975589885855
