4 0.6692219571618728 0.44743158402738215 0.1332794741221941 0.1618870065756799
5 0.6728825224760184 0.37764953542392565 0.047102851980900806 0.004960317460317498
4 0.5478562398132827 0.42235831298331294 0.13484041923195356 0.16515313390313396
5 0.5313205239572064 0.5101130637602809 0.04529734347442682 0.016082279265873023
4 0.44081929988466517 0.43565260817922746 0.08618814445492945 0.13526804786787044
5 0.4364030582503303 0.37723435355689683 0.045650276152208125 0.0044405634686287
4 0.5029148343035326 0.5554789549084334 0.2947335674400418 0.05841054678563251
6 0.5484144274993947 0.5572051632100652 0.08012587751149847 0.05378422412736139
5 0.659892266184805 0.5595967068537617 0.027776053816788715 0.025184619320342883
4 0.3017914186697074 0.4474179964539007 0.10544031792029962 0.163189167510976
6 0.3027720550781484 0.4668350223030618 0.096642018386421 0.05811633475008815
5 0.32197790214818944 0.35846700968523004 0.049091367624032545 0.02248957492601561
