4 0.3815878203133105 0.45859421071059997 0.252230521838365 0.11864257764509312
4 0.4501569146176989 0.5033263305322129 0.2227279800809212 0.10723039215686275
4 0.431657848324515 0.5801930452527186 0.08847736625514402 0.06811920049985365
4 0.5217406742211363 0.5563133818342152 0.11270128922184647 0.0854276895943562
4 0.6070835898041042 0.526248869801085 0.130350937061807 0.08492189069720713
6 0.6020901854235188 0.5101083226083225 0.11936539714317485 0.049156299156299155
6 0.5185786435786435 0.5518353174603174 0.0939955106621772 0.0358495670995671
6 0.45829442888266414 0.4997519841269841 0.20282186948853614 0.10051937441643316
6 0.34822707474641174 0.47383364027010433 0.10109425394876592 0.05590634043672721
5 0.2596698843518182 0.5117756007247037 0.045438022537259176 0.027771045006426798
5 0.3407976164386421 0.5506979665633511 0.051788192813833844 0.029644500798346907
5 0.5354620197074591 0.5883282002684987 0.05747277720743715 0.03380912895838262
5 0.6293484147814856 0.5570592738407698 0.060582704939660226 0.03593300837395319
