4 0.3694688828732757 0.4364790974529347 0.23034500909177913 0.13467838685861944
4 0.46602041735861677 0.48526025373653103 0.27871110596171417 0.1363182134167535
4 0.43091047819180206 0.580270481022946 0.08755800717975665 0.06757735383838137
4 0.5178988512321846 0.5582562120391068 0.10105343438676778 0.08267783761204806
4 0.6054231314647981 0.5251606936177249 0.13119518327851676 0.08486793154761907
6 0.5994177927263429 0.5070956511476957 0.11735934908177781 0.046099604649790515
6 0.4649288354171581 0.4863954605196643 0.1699075478268684 0.0976266302699424
6 0.37399777352496033 0.4337639311043567 0.21952043228638973 0.12770178993583248
5 0.2578852385053936 0.5020879475821336 0.05229481973668021 0.03018487756859861
5 0.3301751363766867 0.5477497846683893 0.05058583869953376 0.03076165866863545
5 0.6275720164609053 0.5558735246235247 0.060371727038393774 0.03548534798534797
