5 0.41476521164021163 0.4814608134920635 0.20916005291005296 0.19407242063492064
6 0.4056712962962963 0.49014136904761907 0.20254629629629628 0.1630704365079365
2 0.7702546296296297 0.3447420634920635 0.08680555555555558 0.05828373015873012
3 0.6350859788359788 0.3707837301587301 0.23809523809523814 0.10416666666666669
0 0.6615410052910053 0.3670634920634921 0.1802248677248678 0.10044642857142855
5 0.5978835978835979 0.515562996031746 0.26455026455026454 0.18787202380952378
0 0.6193783068783069 0.5164930555555556 0.18683862433862441 0.1612103174603175
5 0.5110780423280423 0.6721230158730159 0.2364417989417989 0.15625
6 0.4201388888888889 0.6206597222222222 0.04629629629629628 0.035962301587301626
0 0.507292236818099 0.505866858237548 0.06471218755701524 0.12315270935960593
