4 0.6071028955678053 0.43191907039018884 0.12202579987305051 0.1564400010573972
6 0.6070302775475906 0.4238129766170688 0.12230297366208365 0.13653614818460091
5 0.588554007481656 0.5171140195667812 0.04671959775318946 0.021973511254034572
4 0.478842329250239 0.4647572741774925 0.09706437964120551 0.06278292094720117
6 0.4813214332787286 0.44634030955205334 0.08520213146547662 0.021182850364344974
5 0.47662982264539094 0.479179951770492 0.05435767111999057 0.032636853584805336
4 0.43694430079140967 0.5134216196577405 0.2656313004121324 0.09242856618970535
5 0.5699003248022856 0.5504325127486892 0.03990200068631444 0.02811220642102996
6 0.472365826975756 0.5234339143913611 0.09320597973080247 0.058814806155231714
4 0.48935702036477235 0.3894586328141145 0.1247703960882256 0.07125807582618215
5 0.48696308414481393 0.39270971304499 0.05702287043394905 0.03312871388673144
4 0.3462621312286048 0.39750889081709967 0.2472791341854965 0.1614409777386704
5 0.2539529956321931 0.46211189001831887 0.04076333081317557 0.020080521609671498
