4 0.6075857036357786 0.5042561265560326 0.18308697015348707 0.12246645073615653
5 0.6271152879445955 0.5341421821267835 0.06803083896481632 0.03791619846873473
6 0.3289666631210145 0.4672384239691932 0.12709519277663783 0.07138160984314823
4 0.3150962751669063 0.47460872579421787 0.08986155317893757 0.04890118473081567
5 0.3093392681671755 0.478080674382897 0.05880995985102894 0.0328116028239801
4 0.44022337704254916 0.4755535631761122 0.09858518790980664 0.06111594469437609
6 0.44552953831913644 0.46036847067432174 0.0845872890790148 0.028055696273781405
5 0.43336370017913073 0.4895170307218267 0.05561747291723784 0.03267095613384752
4 0.43461136059162686 0.4129119048492375 0.13092794395903623 0.0735505385809827
6 0.4646501457725948 0.3969519355361192 0.06681243926141889 0.04125161969549723
5 0.427260902242365 0.41668564780837036 0.05800917133738487 0.03312767496172775
4 0.5627057940206948 0.40731566274838693 0.12484997295463462 0.07027683935203344
5 0.572181233016996 0.41395551371863326 0.058582808825763055 0.033537155439487876
6 0.5406874205323817 0.3877699335548173 0.0810057011607398 0.031261535622000736
