3 0.4660417806969531 0.3352490421455939 0.217797847108192 0.11117952928297758
3 0.4805806422185733 0.40366721401204164 0.3141534391534392 0.14196770662287905
2 0.4366789819376027 0.47614771483305973 0.19670224411603732 0.11502805145046519
6 0.6387976646597336 0.45925697865353043 0.05701514322203982 0.05473453749315821
2 0.6832010582010581 0.46891534391534395 0.05511463844797182 0.049603174603174593
6 0.5798059964726631 0.5927579365079365 0.22574955908289235 0.16501322751322745
5 0.765652557319224 0.5744047619047619 0.050705467372134105 0.046957671957671865
4 0.4900793650793651 0.6087962962962963 0.5251322751322751 0.1970899470899471
0 0.43761022927689597 0.32771164021164023 0.1291887125220459 0.08399470899470901
0 0.49184303350970016 0.3862433862433863 0.1688712522045856 0.06415343915343913
0 0.4636243386243386 0.43733465608465605 0.15740740740740738 0.0625
