4 0.45331188464227723 0.5296534752330948 0.26905598681754395 0.08399953655428105
6 0.48761094512668024 0.5375392778804771 0.08939583295953923 0.059444232238349826
5 0.5877297102225553 0.5614066286348071 0.039218550899643656 0.02810562183283749
6 0.3910989128744573 0.46311100959342166 0.11957736413347803 0.07125272828790413
4 0.3831731469346148 0.4707181993592544 0.09121725482581744 0.049489405854084734
5 0.3803047775449178 0.47473355589039423 0.05661805611925719 0.03284178109295782
4 0.6306092334763278 0.4469305083144369 0.0997598980866794 0.16434004157218457
6 0.6286333285621373 0.4306591995879194 0.09378539160219268 0.05659340840433624
5 0.6201450942325406 0.5355184837092731 0.04653589240055411 0.020232873851294908
4 0.34663540893338374 0.3917134132167281 0.2615987464097497 0.12063103326956481
5 0.23892192873431278 0.4388061787335257 0.03147721260010805 0.022768862436640502
4 0.5323279628835184 0.40643200459776546 0.11668414446192216 0.19483526616678792
6 0.5327190683952074 0.37806735340649456 0.11582114239730124 0.07934562960018304
5 0.5304614306978374 0.5108131402679276 0.045249978110498246 0.020568079477653933
