4 0.6689318801174098 0.44743158402738215 0.1332794741221942 0.1618870065756799
5 0.6728825224760184 0.37764953542392565 0.047102851980900806 0.004960317460317498
4 0.5009298969481548 0.5542999047241037 0.29425895188686557 0.0602749985395038
6 0.5457897228946711 0.5563874939604575 0.08202568086691231 0.054924234625246315
5 0.657248719849364 0.5606151807465214 0.028489209246053138 0.025048128535447356
4 0.4445283956167775 0.4356121832251765 0.09085459518189654 0.135360858216877
4 0.5463993922988633 0.42235831298331294 0.13484041923195356 0.16515313390313396
5 0.5304020263804325 0.5102340471129716 0.04529734347442682 0.016082279265873023
5 0.45195250419357935 0.3767479213907785 0.046191316032585916 0.004986562526245075
4 0.3262278025544957 0.4834860399435036 0.12002863359894617 0.07226923750974606
5 0.3117440587926771 0.49563134518177276 0.057192264603398046 0.032209761680335125
6 0.3237520559617938 0.47596754057428214 0.10799992073400311 0.04319377563759591
