4 0.6689318801174098 0.44743158402738215 0.1332794741221942 0.1618870065756799
5 0.6728825224760184 0.37764953542392565 0.047102851980900806 0.004960317460317498
4 0.5009298969481548 0.5542999047241037 0.29425895188686557 0.0602749985395038
6 0.5458179370752876 0.5563874939604575 0.08202568086691231 0.054924234625246315
5 0.657248719849364 0.5606151807465214 0.028489209246053138 0.025048128535447356
4 0.4445283956167775 0.435711787993456 0.09085459518189654 0.1353608582168771
5 0.4517107763955774 0.37697090682599943 0.045792683302110504 0.005153959488718107
4 0.3467378814601037 0.42690671596921603 0.11220004275559825 0.17627916065416077
5 0.36226197949361794 0.3537729239530087 0.04745463785011811 0.007216281051026785
4 0.5463993922988633 0.42235831298331294 0.13484041923195356 0.16515313390313396
5 0.5304020263804325 0.5102340471129716 0.04529734347442682 0.016082279265873023
