4 0.3462637067709531 0.4483284859837655 0.10687447281650181 0.16441963258733444
4 0.46485260770975056 0.42363473167044596 0.1251364743428236 0.1925075585789871
4 0.5831653649113967 0.43668509070294786 0.12597631645250695 0.18010676492819344
4 0.4812663713738268 0.5690893030713289 0.08667706463208846 0.06659002447343065
4 0.5722625953549648 0.5738728724421496 0.11022927689594364 0.08575970548862111
6 0.5837670810570539 0.4420933346238224 0.1229549332530363 0.08287359659310872
6 0.4647553089287507 0.39440572977158345 0.12152105648040618 0.08589818041037556
6 0.35113259042495537 0.42529872749844816 0.09581941611736772 0.04475370222576924
5 0.36174918883903645 0.36028397252301836 0.04903063836391719 0.01840085066337338
5 0.447168917318171 0.5265247423596304 0.04540788122877676 0.020637141672589343
5 0.5973520813703462 0.33796409545553385 0.04982967311734421 0.020724614046531864
