4 0.4054898312601394 0.5684104571315705 0.432309676007155 0.0981522416658972
5 0.6303093607935031 0.5495406595370119 0.032296105162406885 0.02678153041446185
4 0.29127134317726366 0.46791422874908273 0.14291292798997587 0.07107978024948824
5 0.25137746965115854 0.48371771214663156 0.0564786182561986 0.02846477740804343
4 0.44131537803267085 0.4352952822926843 0.12070061763640233 0.1735741036800189
6 0.44134557243171474 0.4417326134320516 0.12002371552933344 0.08312636472748841
5 0.42519448204202726 0.3407814999384767 0.04750967283267027 0.019995078134612987
4 0.549584580487238 0.48047960266180234 0.10737783996504807 0.07366503531915436
6 0.5491722718050328 0.48487255904801 0.10648708757815478 0.064967832504781
5 0.5454377833529025 0.49573918262810995 0.05352407715793317 0.03115452510922856
