4 0.5727513227513228 0.34970238095238093 0.5129335684891241 0.2551807760141094
5 0.8273809523809523 0.45111331569664903 0.06834215167548496 0.04905202821869492
6 0.6590975896531452 0.375055114638448 0.27263374485596714 0.19896384479717816
3 0.45692659779961364 0.4621756109851348 0.21993365247333502 0.11495338876291261
0 0.430419081212732 0.45430209120685305 0.13437473754934076 0.0866087175610985
3 0.4674246241706559 0.5328404509952129 0.3123162845385068 0.14526643990929716
0 0.48710842361636014 0.5174870874275637 0.16376921138825906 0.07125535399344918
0 0.4524649365919207 0.5684681279919375 0.15957000083984207 0.06298815822625337
6 0.6319811875367431 0.591655643738977 0.0646678424456203 0.05456349206349198
2 0.6696428571428571 0.6035052910052909 0.05033803644914747 0.04905202821869492
2 0.411522633744856 0.6108079805996474 0.20208700764256315 0.13640873015873012
