4 0.36616161616161613 0.45180305507558727 0.10862594195927522 0.17233184078677644
4 0.489752201061725 0.42334122970283683 0.12175324675324678 0.1933489377685806
4 0.5992273452590913 0.43703303971161106 0.13185521122029054 0.1799886621315191
4 0.4805269686222067 0.5690737833594977 0.08600306219353837 0.06650095935810219
4 0.57238002413441 0.5740262113617376 0.1093010303536619 0.08523913951545536
6 0.37077120410453746 0.4262068226911977 0.1007094757094757 0.05087143759018753
6 0.48904538341158066 0.3952534652358596 0.11923392205082345 0.08383635144198526
6 0.6013197105151128 0.4419386288998358 0.12847412272699632 0.08466748768472909
5 0.6197546068235724 0.3387406878102645 0.05131362889983582 0.02252204528806434
5 0.47751570457562964 0.5272716034654239 0.04495868259913205 0.0200642054574639
5 0.37933151968239687 0.35977363279994856 0.047483380816714105 0.017270740954951513
