4 0.5502961758591006 0.48044113442830794 0.1075703442034402 0.07363626691977049
6 0.5496389755649016 0.48482940562782273 0.10664918072325491 0.06444173110839774
5 0.5460260567787449 0.4957517281105991 0.05347897821016101 0.030801971326164912
4 0.4880269581318162 0.5402259550374544 0.10676340491495528 0.07427364481843135
6 0.49181493017531847 0.5382592755213012 0.09320149817086232 0.044807451109671104
5 0.47770248992164643 0.5633190136380103 0.053473147678902544 0.03221273563951921
4 0.4601954889766966 0.40844548816240545 0.10555645734606056 0.055529394237258056
5 0.43733314303060467 0.4146613437688277 0.05560670993948624 0.03095609911824998
6 0.4818953274321084 0.40161873849732665 0.06248737260855369 0.04160958942064935
4 0.3400131079382197 0.4731444405362297 0.10722416814813812 0.15463821542985828
5 0.3379411820242858 0.5556368405917653 0.042383557314953635 0.01390853455990948
