2 0.2725769600769601 0.42162698412698413 0.0511063011063011 0.04960317460317465
3 0.4435575998075998 0.38273358585858586 0.3344456469456469 0.11273448773448774
0 0.3901966089466089 0.39569805194805197 0.19014550264550256 0.08567821067821069
5 0.4401755651755652 0.530697601010101 0.1924001924001924 0.17755681818181818
6 0.4349146224146224 0.5408437049062049 0.18037518037518047 0.15500992063492058
5 0.6239301276065983 0.5447230975723623 0.2450980392156863 0.1783525910364146
0 0.6414371304077185 0.545999649859944 0.17215219421101757 0.14735060690943041
6 0.459801976346094 0.6504945728291316 0.039390756302521035 0.03027252567693739
5 0.5487959072517895 0.6993682889822594 0.21446078431372545 0.14260912698412698
0 0.534384716085747 0.5394984454262804 0.05420553100965475 0.11403616429389624
