2 0.5601851851851852 0.5861888674388674 0.0598813098813098 0.04759223509223509
3 0.40065065065065064 0.6743350493350493 0.32890032890032894 0.19439081939081937
0 0.4777437069103736 0.6455928330928331 0.14981160814494143 0.12701418951418952
5 0.3587578442229604 0.46748108157991874 0.2853143841515935 0.13842746400885936
6 0.25743663098314257 0.436046511627907 0.08267195767195767 0.02134090070136585
5 0.3599114064230343 0.3727447858988556 0.2591669742832533 0.11103036175710596
6 0.3433770148886428 0.37216800479881873 0.22379106681432262 0.11103036175710596
5 0.6196551618063245 0.4193198597268365 0.25801341208317957 0.19841269841269854
0 0.6308062630737049 0.4201850313768919 0.19649009474590873 0.16553617571059426
0 0.5125661375661376 0.434171973052787 0.04383536360280543 0.09488049095607237
