4 0.6366174256293708 0.4357803642376219 0.15490365711109721 0.16251762190243912
5 0.5784341006199252 0.5216202868952393 0.05130665802554535 0.024093579902033646
6 0.6376499867705376 0.4195821962658256 0.11274457583182418 0.06641498881431762
4 0.551304211141386 0.4130767344035645 0.1706020613509479 0.19309637856771839
6 0.5528123528711296 0.38673965695177415 0.14598621964874664 0.0909611156290473
5 0.485853293941105 0.5146733402569378 0.050753211690159505 0.02455030361379751
4 0.42053217222247774 0.5402541674607786 0.29803763980979175 0.07855601126628264
5 0.5754416005021618 0.561487711147657 0.03260869688507051 0.025729912197691385
6 0.4672542030798881 0.5481469627674984 0.09344436427769759 0.059989764230835574
4 0.421441516212758 0.41898023285890934 0.13309294355045986 0.15993869394604687
5 0.4513195543105662 0.3324740221407059 0.051263791136251236 0.023002391231697783
6 0.4215546670947058 0.42835979711860817 0.1324597267579723 0.13944641602653823
4 0.29106473364239194 0.404175362172674 0.1318039012184771 0.1827106833827264
6 0.2930145335208626 0.4107174251557163 0.12446141138124264 0.08868922041390398
5 0.3077439307769769 0.30464215958282836 0.05071763386237782 0.022459483224213095
