4 0.5918720875962655 0.4711978737545533 0.13752921311996358 0.17728756270818435
6 0.588271484304316 0.468015452304953 0.1306465738750281 0.08256451805528409
5 0.5667095471660184 0.5643262948848362 0.04778319388132157 0.022954128350807346
6 0.4741200968742172 0.5354316807030597 0.11114120764928653 0.08110104754586722
4 0.47388912904346175 0.5501396766986872 0.09025799041576421 0.04896292238811084
5 0.4745480520469606 0.5575803845150403 0.05415006823437701 0.03395533999856459
4 0.4783539725289192 0.46503898343032335 0.0979785564885664 0.06220213295220417
6 0.47909797305932567 0.4464285714285714 0.08658589576463971 0.020847711065102414
5 0.4763323421059331 0.47978105261488546 0.05420572564361814 0.03277244243264554
4 0.48692071004070303 0.3885826886464283 0.12524915759390165 0.07108219914263936
5 0.483870798048567 0.39206111497757445 0.057062336508217126 0.03247582671300103
4 0.36758551665225925 0.4583413040344223 0.1142772350228059 0.07277019059448031
5 0.3550207321253783 0.4722821097851069 0.05677089676450292 0.0316335512047628
