4 0.6072410403720001 0.5039889953656767 0.18396651534471375 0.12246645073615642
5 0.6263662220234991 0.5329284736194948 0.0690873636883026 0.040258914598703344
4 0.4337601692642451 0.4123373507032548 0.13092794395903623 0.0735505385809827
5 0.4262783134188147 0.41616722102741044 0.05800917133738509 0.03312767496172769
6 0.4669511985287458 0.3964790059412965 0.06207324643078832 0.04031989890928439
4 0.5619254157660346 0.4067232779962138 0.12519618788731934 0.07190184942478517
6 0.5404254548090165 0.38807689171559034 0.08244545915778795 0.034484398782343995
5 0.5715659998436233 0.41395551371863326 0.058582808825763055 0.033537155439487876
4 0.3966723006074858 0.5377121913580247 0.29180139133842836 0.1477761243386243
6 0.3619618079422654 0.5233903257616616 0.16580069489241156 0.09126686706217019
5 0.5390628333091091 0.6064231128422395 0.049711008573930515 0.028776349271429358
4 0.45828141066236305 0.47041012064468485 0.0966953347905728 0.061752397935812
6 0.4580725091288471 0.4570391096579477 0.09641180415828304 0.03135130225799243
5 0.45307059195948085 0.48470409798534797 0.05398408176185954 0.03139944546194551
