6 0.392804606536611 0.4636620780723771 0.11869645313720617 0.07142999667916616
4 0.38376661492239383 0.4706070032703199 0.0912853509168417 0.04985243678711021
5 0.3808828915657759 0.4750938352387493 0.05651420623076503 0.03298630283272519
4 0.4121863799283154 0.5331541218637993 0.2742219946521021 0.07456477214541729
6 0.4480287300141815 0.5393530927067512 0.0778873735655935 0.056117662824979986
5 0.5554981555038258 0.5527745346307351 0.03360925242596169 0.02757345057979954
4 0.6326980284062156 0.4361909660600891 0.13579299887629148 0.16254678092965236
6 0.631158157819868 0.419540201408518 0.10907595270789228 0.0638390347921628
5 0.5854431949060703 0.523000576844943 0.0497385305121959 0.02325095191426041
4 0.5418157074685239 0.3960378013115408 0.20346103791132492 0.1925006178021953
6 0.5506049703061523 0.37194227200123425 0.15639448291439906 0.0956116079936834
5 0.456133601721586 0.4954920289501702 0.051429041017708066 0.02469999349799651
4 0.37507281554900596 0.39678709321566463 0.10594855832951072 0.05676594962309245
5 0.36707578529139867 0.3972863928718947 0.05622102895956671 0.0315321295804567
