6 0.3904553632359328 0.46326789370131083 0.11953506509620415 0.07081870995187578
4 0.38308828091072644 0.4706070032703199 0.0912853509168417 0.04985243678711021
5 0.38014934432060077 0.474616142173847 0.05651420623076503 0.03298630283272519
4 0.4121863799283154 0.5331541218637993 0.2742219946521021 0.07456477214541729
6 0.4480287300141815 0.5393530927067512 0.0778873735655935 0.056117662824979986
5 0.5554981555038258 0.5527745346307351 0.03360925242596169 0.02757345057979954
4 0.3545717565117698 0.4104934699868648 0.1988468017464362 0.11855554368640109
5 0.42975783635016807 0.3649669115118059 0.03729841855819943 0.020226863316652133
4 0.5349794238683128 0.395293364043364 0.18812463256907697 0.19384550634550635
6 0.5414252470827394 0.3700169977406216 0.15131289596121406 0.09359996315271546
5 0.458647199959319 0.4958240850621191 0.05076980654219282 0.024700209505391535
4 0.626475108371073 0.4357136718608651 0.12750136947075696 0.16310217552001893
6 0.6244264036348465 0.41856205212096237 0.10676190238228367 0.06242110710103943
5 0.5841914487856917 0.522807448060947 0.04920152988958737 0.02231977560455134
