4 0.3598817441459762 0.4716248923189166 0.11935674753433434 0.06329959027437354
5 0.33566062394260343 0.48184931818072574 0.0576123008429264 0.03138126496844984
4 0.4656013278002724 0.5419570468746162 0.11365699934521106 0.08160049918471535
6 0.4652611795468939 0.5362984157627015 0.09533342866676209 0.04031454924312061
5 0.45316361244631287 0.5648544859383466 0.05351540161666751 0.03167506134278286
4 0.43423718762595387 0.4071481673956664 0.13886740728367336 0.07163299038380239
6 0.4647061236208523 0.40132428940568476 0.07341782535580976 0.05883167220376523
5 0.40909471181580026 0.41256603073294035 0.05824580654512623 0.031336652145690036
4 0.5502660711814225 0.4800401110414796 0.10743293897281375 0.07359667149326338
6 0.5495683153490463 0.4846765073093977 0.10615028887454137 0.06423871664735453
5 0.5457352949058991 0.4956869891806305 0.052808715387047234 0.030624957267412267
