4 0.6106087845708918 0.431866090460258 0.12165614509658385 0.15730307684040523
6 0.6105020883524878 0.42345738449700865 0.12197746039430868 0.1364222386485458
5 0.5924436386102785 0.5169661170687245 0.04671420922292757 0.02139036723778398
4 0.4847473511869832 0.46593805771205077 0.09714635326598914 0.06275646536385754
6 0.48639123171576415 0.4479837864738854 0.08629169795286412 0.021609303787521572
5 0.4830965479113627 0.48085087147587147 0.05469959173662886 0.0325961263461263
4 0.44475271199350097 0.5161819741479206 0.26452761780114203 0.09952057285042487
6 0.48035186481478415 0.5294095804704907 0.09308045384674657 0.059543939721189654
5 0.5777104019529467 0.5569775412197051 0.04048284015443293 0.028444291067443617
4 0.5049019304573417 0.395837780025613 0.1255064216824211 0.07116060988511291
5 0.5041656819680691 0.399772778764104 0.05783191829703471 0.03322259136212624
4 0.39385731246196365 0.41625044895393737 0.10603626882696654 0.06566263106960785
5 0.3920691481430062 0.42333385639395166 0.05784626775880419 0.0329153410909252
