4 0.5502961758591006 0.4801640217210277 0.1075703442034402 0.07363626691977049
6 0.5496389755649016 0.4846908492741826 0.10664918072325491 0.06444173110839779
5 0.5460260567787449 0.4957517281105991 0.05347897821016101 0.030801971326164912
4 0.4741561242565258 0.5389829067351657 0.11269464582717592 0.07575621751073569
6 0.47616355257860604 0.5366774134841239 0.09808099951445837 0.04230093254226042
5 0.4629828312536796 0.5642472870246392 0.05341391276262708 0.03195864232499046
4 0.44435881810805233 0.40766670056605214 0.13809610246204085 0.07184626993310878
6 0.4756054702621262 0.4020053633517491 0.0706187453780665 0.05880505688693338
5 0.4208527902445397 0.4130808545188627 0.0580919242466969 0.03140862261797228
4 0.36440020264887096 0.47329851508833576 0.12186199575225609 0.0604305480799569
5 0.3409865484524322 0.479628688269885 0.055373996127359826 0.030535547672168484
6 0.3578480603119091 0.4750386342216657 0.10903201875899682 0.05696704816474374
