3 0.40731618317825213 0.3517121647509579 0.2234993614303959 0.08338464696223319
3 0.44038496624703527 0.4203441434044882 0.31358328772121885 0.110324302134647
4 0.49882548804962606 0.6241020114942528 0.5057243203794929 0.23903598795840175
6 0.5735153256704981 0.5922448002189382 0.2502964787447546 0.17532156540777233
5 0.7522577996715928 0.5422140120415984 0.061576354679802936 0.05131362889983582
2 0.41501322751322756 0.4998802681992338 0.19556194125159648 0.10604816639299403
0 0.4455163291370188 0.39939107827038867 0.17788724685276408 0.04105090311986864
0 0.43325807334428024 0.4530565818281336 0.1716155810983397 0.038912835249042155
0 0.37396232439335886 0.350429324028462 0.12372286079182632 0.07141146688560485
6 0.6097199416164933 0.4487804460864806 0.04105090311986859 0.05174124247400114
2 0.650770844736362 0.4513461275314724 0.04903302317095415 0.047465106732348106
