4 0.6057345059067333 0.4494229476451347 0.1704364073590332 0.19022911524491798
6 0.6083354623361759 0.4239537919892431 0.14488359460344813 0.08900703694234585
5 0.5391020296063882 0.5489188033020966 0.04915454531477781 0.02287681790328122
6 0.45094952220845386 0.5333262893839639 0.10912569774638037 0.07989642225868498
4 0.4505409398151337 0.5474410728302987 0.08819766482561375 0.04864453798954271
5 0.4498876460029342 0.5546963435826218 0.0545505578922455 0.03403564376308743
4 0.46464648255982066 0.46603504755283987 0.09733625080998592 0.06064642275608145
5 0.4610626466687072 0.4800439459530369 0.05445144081507719 0.03197560015741835
6 0.4686813418326501 0.4499414242374993 0.08923680709801296 0.025817351969229074
4 0.44995269308762936 0.40649747819571924 0.12840298676588258 0.07294081326526136
5 0.44505010665556805 0.40989581177610834 0.05758892882245037 0.032500211260804546
6 0.4844414617698931 0.38925726540616246 0.05722196285921771 0.03665528711484595
4 0.3345569711996502 0.4840295954492645 0.12080026559400353 0.06889655974437242
5 0.3153452980750121 0.4969357080748623 0.056150574739551484 0.031766277064387616
