4 0.3672745694022289 0.4621274484971293 0.23828286239633753 0.17651342451874358
4 0.475158542534429 0.515080059226318 0.19981988067094442 0.12232215105091016
4 0.4455878396556363 0.5920853510895884 0.08631512868801006 0.0685196394942158
4 0.5441172711704113 0.5698171559048879 0.11097478891359724 0.08870323899154331
4 0.6148344111307074 0.5281702252742442 0.1309687112156248 0.08558795201821212
6 0.6098017209128319 0.5116642616642616 0.12292234514456735 0.04840067340067339
6 0.5406244989578324 0.5616291260822511 0.09369488536155207 0.03255208333333326
6 0.48240497715563335 0.5105807086614172 0.1850463136552376 0.11229065116860387
6 0.3858024691358025 0.44044198139025725 0.1611628048409658 0.09706828133552275
5 0.2605720650833433 0.5509390949103339 0.053042659558950295 0.026996418036241088
5 0.3852925116270312 0.5734815426763825 0.05538923095269477 0.02939120488052871
5 0.5563994984567902 0.6007943149865259 0.05700920414462085 0.034034199888059335
5 0.6380912747953946 0.5597077314071697 0.06077059759956127 0.035762588431127784
