4 0.6106087845708918 0.431866090460258 0.12165614509658385 0.15730307684040523
6 0.6105020883524878 0.42345738449700865 0.12197746039430868 0.1364222386485458
5 0.5924436386102785 0.5169661170687245 0.04671420922292757 0.02139036723778398
4 0.4868981663459283 0.46593805771205077 0.09714635326598903 0.06275646536385754
6 0.4871969652233201 0.44851470730297144 0.08629169795286412 0.021609303787521572
5 0.4853887775226544 0.48145763813768405 0.05469959173662886 0.03259612634612635
4 0.5049019304573417 0.396030040392292 0.1255064216824211 0.07116060988511297
5 0.5041656819680691 0.399772778764104 0.05783191829703471 0.03322259136212624
4 0.4509555057000312 0.5180338973678389 0.265316822494438 0.10082248449036774
6 0.48630057204575255 0.5312720874797956 0.09369013626705358 0.06024149547801294
5 0.5825849354874597 0.5589993766645573 0.04144363150793928 0.02873019287899814
4 0.40475059673784586 0.43702887087816994 0.14231499657373264 0.04957880688020877
5 0.38434928574264055 0.4316752156382382 0.05273992412256079 0.03189914765477464
