4 0.3569552328417577 0.4976148260722728 0.1303988892641375 0.08020938872002698
4 0.4894704795498447 0.4238688065432359 0.12020240194843379 0.1921575116300816
4 0.6002471350915144 0.43706235532413507 0.13236066005122504 0.1802798079347106
4 0.48125375506327894 0.5694144645037502 0.08648758648758653 0.06581959706959706
4 0.5725865844913464 0.5741158642944357 0.10926022830784743 0.0855791034362462
6 0.6018820516537411 0.44260640900195697 0.12804716001063043 0.08612606001304624
6 0.48925468678555095 0.39508009994121107 0.11888431641518055 0.08469282774838333
6 0.3705467372134039 0.4809523809523809 0.10123456790123458 0.04484126984126985
5 0.3336110380309275 0.5192171003671061 0.061143753593108974 0.0359567825109377
5 0.47808415863971415 0.5261593152218151 0.04493962827296161 0.022893772893772923
5 0.6204333585285966 0.3385091281410524 0.051033262889433884 0.021909273913647
