4 0.632708454506137 0.4368036835910896 0.12845007625256089 0.16276187307055612
6 0.6297954950949669 0.4194270485528609 0.10680212790386467 0.06342487779895145
5 0.5894917622225917 0.5232847181020597 0.04936631501576738 0.02286802187770498
4 0.5405884541163889 0.3961504760410128 0.19150416670818432 0.19369992975218964
6 0.5464875776812308 0.3713097837804834 0.1528502039380752 0.09390854650952019
5 0.4619518513802193 0.4968341100053568 0.05099493511482894 0.024301383485205497
6 0.3904553632359328 0.46326789370131083 0.11953506509620415 0.07081870995187578
4 0.38308828091072644 0.4706070032703199 0.0912853509168417 0.04985243678711021
5 0.38014934432060077 0.474616142173847 0.05651420623076503 0.03298630283272519
4 0.4121863799283154 0.5331541218637993 0.2742219946521021 0.07456477214541729
6 0.4480287300141815 0.5393530927067512 0.0778873735655935 0.056117662824979986
5 0.5554981555038258 0.5527745346307351 0.03360925242596169 0.02757345057979954
6 0.3746178150940055 0.39230796485260766 0.21887533792295694 0.11993339002267572
5 0.2703475456961648 0.4472695758123279 0.053942533076682786 0.030826286452646623
