4 0.5379233454298793 0.421363137453563 0.15220152795671588 0.1658716086907575
5 0.5046301804535699 0.5082778789517858 0.04641723665913905 0.017952940570850506
4 0.502234554009223 0.5503040575864919 0.2942026381147878 0.06768144004589782
6 0.546676234462977 0.5548544603072664 0.08678270583032477 0.056432902415045394
5 0.6572031969270582 0.5633927962226816 0.029613835583984782 0.02523345573718716
4 0.42698314662967607 0.4403720210825762 0.09564650443847406 0.13582925381990796
5 0.44018495740512964 0.3818163181631816 0.04702031147295599 0.006406314063140628
4 0.637172009415039 0.4391165928502071 0.1534347497726608 0.16233118819729309
5 0.6736507478075382 0.3694050927160296 0.04609970285434828 0.010237250928740282
6 0.32588063241559945 0.4570816563267801 0.12197714331581133 0.06674907814255154
5 0.30784643208677154 0.46602993049071484 0.05407430461896695 0.03082529308019505
