4 0.6397508090274866 0.43635288758540314 0.1549036571110971 0.1625176219024389
5 0.5816823526033175 0.5221028318663903 0.05130665802554535 0.024093579902033535
6 0.6384420534308678 0.41987922126344945 0.11274457583182418 0.06641498881431762
4 0.5521645372049642 0.4130767344035645 0.1706020613509479 0.19309637856771839
6 0.5541881086507539 0.38702816170456456 0.14682684195650675 0.0909611156290473
5 0.4861145930418442 0.5142600061103014 0.05075321169015956 0.02455030361379751
4 0.42053217222247774 0.5402541674607786 0.29803763980979175 0.07855601126628264
5 0.5754416005021618 0.561487711147657 0.03260869688507051 0.025729912197691385
6 0.4672542030798881 0.5481469627674984 0.09344436427769759 0.059989764230835574
4 0.4228396817670679 0.4190934886499402 0.12978169423144864 0.16027692438982766
6 0.42281354524152875 0.4285888682275558 0.1298172182945846 0.1392257005682931
5 0.45124340981300665 0.3321668346883222 0.05121546329216686 0.02293632444591237
4 0.22183538609520106 0.40890291397254075 0.12169874479201809 0.17656478851855822
5 0.23994093761535623 0.33689784053156147 0.05126943111439239 0.009343853820597992
