4 0.36298757228989786 0.4725550588452435 0.10869119396251181 0.19172543048227042
4 0.4731189188118027 0.42363501017613936 0.11889899530348974 0.1916099511119625
4 0.5923447571609428 0.43662338793776556 0.1308215593929879 0.1798667772380218
4 0.4808851331633106 0.5686522210802786 0.0869145953078807 0.06708918579422174
4 0.5713766988276793 0.5743026377217554 0.1115260919182488 0.08563842203548089
6 0.36345241513200166 0.5053448381936754 0.10844510069316265 0.0832256675279931
6 0.4732860222278212 0.395545949861426 0.11722796114330503 0.08562452758881328
6 0.593838358388623 0.4414092025699169 0.12807592172671534 0.08562452758881328
5 0.3621031746031746 0.3678989139515455 0.046516754850088216 0.01916248955722638
5 0.4642061502963759 0.5260081006086645 0.0462465688029598 0.02209765485141424
5 0.6121843755295713 0.3380826100035289 0.05099575087712693 0.021456651992038334
