4 0.6053443137761281 0.44946112742854233 0.1704364073590332 0.18993894889102003
6 0.6083354623361759 0.4239537919892431 0.14488359460344813 0.08900703694234585
5 0.5389456760221386 0.5489188033020966 0.0491545453147777 0.02287681790328122
6 0.46109608750135267 0.5343006206075684 0.10955275761056477 0.08003093046172749
4 0.46093982997482463 0.5487805130940404 0.08900346475461357 0.048786587550837424
5 0.4608808543993729 0.5562100418871252 0.054379776601998775 0.03410218253968256
4 0.46584724323969073 0.4651258920881014 0.09736994414450328 0.06219622862064722
6 0.4699224679731502 0.4504553682185261 0.08767241710711499 0.028496114022429797
5 0.4625094859573332 0.4794427755412534 0.054677332984890525 0.0325563473142787
4 0.3682582989455797 0.43835363602805466 0.11824735764798994 0.06575304540420818
5 0.3465235859602057 0.4337702296642378 0.053717365923938665 0.031622171825681056
4 0.4713528621828208 0.39742762030400647 0.12796266231700676 0.07307046370512582
5 0.4686123671590487 0.399708635712641 0.05740778696302373 0.03265166726130375
