4 0.5502961758591006 0.48044113442830794 0.1075703442034402 0.07363626691977049
6 0.5496389755649016 0.48482940562782273 0.10664918072325491 0.06444173110839774
5 0.5460260567787449 0.4957517281105991 0.05347897821016101 0.030801971326164912
4 0.48778862456014915 0.5399578297693292 0.10676340491495523 0.07427364481843135
6 0.4925792376189201 0.5386221067024639 0.09310996414171008 0.04543458784530219
5 0.47770248992164643 0.5633190136380103 0.053473147678902544 0.03221273563951921
4 0.460441811383168 0.4087226008696858 0.10555645734606062 0.055529394237258056
5 0.43733314303060467 0.4146613437688277 0.05560670993948624 0.03095609911824998
6 0.4818953274321084 0.4018958512046069 0.06248737260855369 0.04160958942064935
4 0.33544967330497044 0.47603666789713306 0.19657942784557775 0.24667005044912022
5 0.2856464999241679 0.3484436688049106 0.05084851212368452 0.019467711567313806
