4 0.3595350669818755 0.4776944022289767 0.0970955758189801 0.15487799729821006
4 0.48920802889056864 0.42435185585533647 0.12072730326698589 0.19237244097262252
4 0.6000016189557911 0.4367414900818468 0.13216573179784052 0.18096487259704247
4 0.4809523809523809 0.5691468253968254 0.08641975308641969 0.06686507936507935
4 0.5724717870687369 0.5742459020645294 0.10979700522184177 0.08445507832762733
6 0.6012898986755195 0.4423760244838676 0.1265115099537758 0.08494138396099177
6 0.48947562564120295 0.3939886139641042 0.11901880093601225 0.08510348583877991
6 0.3586990351696234 0.45737044817927175 0.08973959954352112 0.0408496732026144
5 0.35551111666597235 0.39291205398626416 0.04791067783193764 0.01651276024503151
5 0.47796268538802844 0.5271988738998424 0.044411989529019424 0.0200574580114532
5 0.6203910845969012 0.338608248109087 0.05060189623948008 0.021722195589645277
