4 0.4052345516334958 0.5688108730918402 0.4324475242650204 0.097716138970381
5 0.630427575225899 0.5496923333104596 0.0317367865019732 0.026367678926965343
4 0.2736797690926131 0.4585689791445071 0.13233114150545341 0.1564967906711025
6 0.2620443782251445 0.43549550456253355 0.10214133837883982 0.04666772103366301
5 0.23760506190225067 0.3762284889920432 0.04881317799657828 0.019081557108665603
4 0.4412102705542422 0.4353815624949744 0.12066587864460204 0.17336611062864865
6 0.44186296936571967 0.4420457591039716 0.11946961891956387 0.08405615752901824
5 0.4250151791135398 0.34097100247202705 0.047344377945470806 0.020024232370543904
4 0.5496311585062874 0.48020072570188665 0.10745818795354384 0.07397063076242655
6 0.5489557561852392 0.48484414308659274 0.10647280163352224 0.06434712286222344
5 0.5455941756461863 0.4957886139244306 0.05340560210022738 0.031113727728000584
