4 0.6365971517126711 0.43634634393639854 0.1549036571110971 0.1632674188837696
6 0.6384420534308678 0.41987922126344945 0.11274457583182418 0.06641498881431762
5 0.5778072474810517 0.5215419142157725 0.0507321852446867 0.02412935299133301
4 0.5514145793841927 0.4130767344035645 0.17266364526953848 0.19309637856771839
6 0.55461146730988 0.386770141234427 0.14824975142435454 0.09133558240701095
5 0.4836858449528049 0.5141472716225669 0.05075321169015956 0.02455030361379751
4 0.4202665595070658 0.5392775517379947 0.2980376398097917 0.07895695197910385
5 0.575000683394578 0.561818398978345 0.03260869688507051 0.025729912197691385
6 0.4663449975949976 0.5477486922799423 0.09344436427769759 0.06059478715728717
4 0.29018269335593777 0.4211813742126008 0.1462857123787021 0.05609475285488036
5 0.26660421320045735 0.41675355786585666 0.058924618783773725 0.03217132319873767
4 0.421687820504757 0.41927472218178946 0.13207796001486338 0.16007314516810156
6 0.4217309794765207 0.4289510521525265 0.13239563942111338 0.1384918236364941
5 0.45034216625125717 0.3325754501180638 0.05147798329616515 0.023589179128951865
