4 0.46652776773624005 0.46973929576060797 0.09724790032630187 0.061860271751961515
5 0.4627123314689089 0.4840364044416484 0.05524995604360683 0.032592136386779325
6 0.4705512102855097 0.45469576719576715 0.08930168954323542 0.027856855302507477
4 0.5724543566531283 0.40667465212063203 0.1273254735007947 0.07229283140087156
5 0.5850206842598947 0.41358462841203425 0.05870887643415923 0.03351846317327489
6 0.5475303199146258 0.3907205904344989 0.07771676534251992 0.04036276593494903
4 0.4403016029368203 0.4099969807109334 0.1302464431083042 0.07363024083635616
6 0.47274131612193077 0.3933531746031746 0.0633357099078139 0.040013227513227556
5 0.43352793654726024 0.4136632414485675 0.05746423016954416 0.03252547070481854
4 0.3314989462269555 0.49826746604090355 0.16027701936266753 0.16723185668498175
6 0.352096484575117 0.5254729052805976 0.11140895756280367 0.055919190534575114
5 0.38536573315943673 0.583441686164538 0.04683347553985373 0.01976492042854161
4 0.6322796128342205 0.4922282341126898 0.3531332583140619 0.2249954333406159
5 0.46813107956755917 0.6015282807936444 0.049882406775984545 0.026283971876955747
