4 0.6689318801174098 0.44743158402738215 0.1332794741221942 0.1618870065756799
5 0.6728825224760184 0.37764953542392565 0.047102851980900806 0.004960317460317498
4 0.5463993922988633 0.42235831298331294 0.13484041923195356 0.16515313390313396
5 0.5304020263804325 0.5102340471129716 0.04529734347442682 0.016082279265873023
4 0.34171075837742504 0.43508316447146234 0.13274419302788104 0.19471884498480235
5 0.3149285123179332 0.32963260457986326 0.04977055421651866 0.022413712408900888
6 0.3426049932463443 0.4676039747810994 0.12583753657297508 0.07980626507888156
4 0.44081929988466517 0.43565260817922746 0.08618814445492945 0.13526804786787044
5 0.4360520697447311 0.37723435355689683 0.04660127704253875 0.0044405634686287
4 0.5029148343035326 0.5554789549084334 0.2947335674400418 0.05841054678563251
6 0.5484144274993947 0.5572051632100652 0.08012587751149847 0.05378422412736139
5 0.659892266184805 0.5598161899272271 0.027776053816788715 0.025184619320342883
