4 0.3488867582827314 0.4547512517311175 0.12132618396600503 0.06791307126877594
4 0.4659024103468548 0.48497437169312174 0.2777777777777778 0.13578869047619052
4 0.4309964726631394 0.580357142857143 0.08671369782480898 0.06737764550264547
4 0.5171430712202576 0.5578388762912572 0.10276126911670025 0.08267195767195779
4 0.6058129364362427 0.5247831948168169 0.1304827863093445 0.08485418076254636
6 0.5999769239644629 0.5069838488354843 0.11826468212761054 0.0460104213024774
6 0.4652435686918446 0.48633917168399926 0.17079202902957696 0.09778097062579827
6 0.3484292422011669 0.4544986746045744 0.12019521151941243 0.06794955425092414
5 0.33467803075646213 0.46247665732959853 0.058456431005450615 0.03276951806363565
5 0.3300311456339825 0.5475346166835529 0.05103380989905809 0.03060621411685238
5 0.6276944934352342 0.555753623787478 0.06031990985694691 0.03539393187830697
