4 0.6072410403720001 0.5039889953656767 0.18396651534471375 0.12246645073615642
5 0.6263662220234991 0.5329284736194948 0.0690873636883026 0.040258914598703344
4 0.43461136059162686 0.4129119048492375 0.13092794395903623 0.0735505385809827
5 0.4266187899497674 0.41635873907607135 0.058009171337385035 0.03312767496172775
6 0.4667809602632693 0.3964790059412965 0.06207324643078832 0.04031989890928439
4 0.5619254157660346 0.4067232779962138 0.12519618788731934 0.07190184942478517
5 0.5715602230063146 0.41395551371863326 0.058582808825763166 0.033537155439487876
6 0.5411510178459331 0.38850762887115536 0.08313903087914387 0.03576218374275786
4 0.4532230567771903 0.47231431666694124 0.09794811117882718 0.06186027175196146
5 0.44874328878160297 0.48565800518925517 0.05522184640958594 0.0326713217338217
6 0.45250052312199207 0.45704281006187786 0.0967775685289809 0.028164514393327955
4 0.355975210381983 0.5132953524676012 0.11664126162686328 0.07198267124553587
5 0.34438710707572157 0.5279778235025148 0.0577002634615803 0.0322522699065908
