5 0.629728255824747 0.41901629072681695 0.29471827717441745 0.22190893901420206
0 0.6465527244036016 0.4194514062935116 0.213496704724775 0.18535923141186317
0 0.5151478232618583 0.4229323308270676 0.04815278938085954 0.14097744360902248
5 0.33675044091710754 0.4296766221108326 0.28543581175160115 0.17796226677805627
6 0.31847558711593793 0.4357682400445558 0.26048918592778236 0.16925995544416594
5 0.3851933073424301 0.5401959760512391 0.3312679847767567 0.198847813979393
6 0.26365102571242915 0.5358448203842939 0.09166434605031093 0.0439466722361459
2 0.6282778706024319 0.5969785575048733 0.06787802840434431 0.04786271233639661
3 0.5020943562610228 0.7262078808131438 0.2923976608187133 0.26542049568365356
0 0.5595296110646987 0.683131439710387 0.153160679476469 0.15664160401002492
