4 0.4058007661781928 0.5603526410925199 0.43184389453423166 0.07937152273047487
5 0.633595584160556 0.5586123700530481 0.027535761999038844 0.02659083697219289
4 0.5036679191268563 0.4146664092933856 0.12626843544717942 0.15732832988267764
5 0.5118356637255673 0.4848690716627361 0.04338575812446943 0.005337960175288925
4 0.21077302327302327 0.4381577623765123 0.13240617407284075 0.17059763153513152
6 0.2082276340267208 0.44472983257229837 0.12230919765166345 0.0781419873885627
5 0.1867008377425044 0.3448486328125 0.047880842151675485 0.02024817088293651
4 0.381050384108937 0.41146412273710775 0.09685741291603928 0.16521920648902588
6 0.37966837130017045 0.43880130504084475 0.09187310442540564 0.04514096433552495
5 0.37794246824722655 0.499561318220689 0.04234964886884507 0.01458013213239917
