4 0.6346889317330908 0.4388135633036956 0.15531722236736822 0.1623755143650381
5 0.6738435421331801 0.36951578384162653 0.04574308569314811 0.009660543368408547
4 0.5374307006169365 0.421363137453563 0.15220152795671577 0.1658716086907575
5 0.5041022103342727 0.5080493710209772 0.046417236659139105 0.01839974748953832
4 0.49921909861668895 0.5505257180324797 0.29562695225345836 0.06768144004589782
6 0.546676234462977 0.5548544603072664 0.08678270583032477 0.056432902415045394
5 0.6572031969270582 0.5635468433487784 0.029613835583984782 0.02523345573718716
4 0.33953039905420856 0.4349233906525573 0.09569354807450037 0.18284281305114647
5 0.3374561113668818 0.5124341918871563 0.046768244836091155 0.006779907726195411
4 0.42380338604296935 0.43892090749652135 0.08633582852332844 0.13476049155457637
5 0.42664167477321435 0.38029257616502044 0.04618754992447066 0.0039265566883945335
