4 0.61005105090217 0.4316780178147955 0.12210144628156083 0.1572402559843996
6 0.6096443336283406 0.42325247429046103 0.12218315838646654 0.13571085440693964
5 0.5918655871574893 0.5169624641287777 0.04631450017514038 0.021193446776073932
4 0.4846578199291377 0.4660812782179061 0.09708852732108547 0.06276117831350392
6 0.4868032484311554 0.44758213362864524 0.08425276513131807 0.02095637996800792
5 0.48319275285153973 0.4808756943004723 0.05456384460187952 0.032313384282272095
4 0.49688116940722926 0.3913184627573004 0.1250443009452189 0.07104170748408073
5 0.49460127939643445 0.3947676727734786 0.057328153387474434 0.03274073220200052
4 0.3843383738044207 0.4240083488935855 0.12412555481203463 0.06670500229637111
5 0.37266039866207745 0.4277416927707143 0.057402364795440586 0.03243811805171676
4 0.4270478840118903 0.5036248190899785 0.2628942378551143 0.10917110852247985
6 0.4627969029341351 0.5204338227556292 0.0966260569313025 0.05676720488907866
5 0.556212953332295 0.5498780411974855 0.0426261743134172 0.02841230271785833
