4 0.44478688481668904 0.40832131331970023 0.12855651988400058 0.07329631107564066
5 0.4394046660787666 0.4121479725378202 0.05791102021260747 0.033016913597270825
6 0.47801666271815524 0.38627546789860223 0.05741793677117063 0.0281331438047856
4 0.572584489251156 0.4068535212508426 0.12753229419896084 0.07234067613531897
5 0.5852952436678767 0.4135860953338635 0.058304005495434574 0.033569991747051664
6 0.5518721739572219 0.39131393298059963 0.08582460571486628 0.04123391469070481
4 0.6383361536913024 0.49583706275004485 0.3329344983026323 0.23099485379140627
5 0.48831366741711857 0.6092333666099378 0.049206774645315476 0.02532822546272362
4 0.48000149457990277 0.46759606544624277 0.09663453319875692 0.06344272190903394
6 0.4814547486776841 0.451767757809157 0.09357090871853396 0.02634253316217383
5 0.47807241059820005 0.4821880857664508 0.05489407285085063 0.03269314549054397
4 0.3737160572730825 0.4927452100758607 0.1410574531886858 0.15487122278724108
6 0.37363923858176734 0.4857690202517789 0.14139755519065866 0.1355535030103996
5 0.4122677577781133 0.5748093709475515 0.049677910097528255 0.023238834650998297
