4 0.5923116542585568 0.4495013344570866 0.12798301883847607 0.16285644051130777
5 0.5905071409399674 0.3794642857142857 0.04543635719319783 0.004960317460317443
4 0.5735531231110731 0.573818717767187 0.10834720221375838 0.08541155834139158
4 0.46921784917318143 0.5660472274793882 0.08653040199662204 0.06649861863429696
5 0.5823162611443781 0.5966856069514608 0.055396176831938204 0.026007613743622593
4 0.4910425791824121 0.4397551847684414 0.11925599093795558 0.16258391070394917
5 0.4899959989169739 0.5270104228765561 0.04469214819578321 0.014909551264451926
4 0.3690600707670809 0.4554564266709633 0.09508351029694079 0.156652815993654
6 0.3702058614207523 0.4368081360136809 0.09283162740864842 0.03719539415240236
5 0.36851761506663705 0.37043902037915866 0.048645633292973056 0.01591969007110361
