4 0.602320317648118 0.4548359056144642 0.13873422958400516 0.16522416657967082
6 0.5893310717872121 0.4312924831016936 0.10653738723914175 0.05350734791524259
5 0.5649080645391698 0.369164370450891 0.0470220847969115 0.01915718839689623
4 0.46470021736588873 0.41944868193628027 0.10475785533869447 0.056543958296725816
5 0.4429536636525688 0.42678204846218704 0.05539466663408166 0.030930386011217448
6 0.4803716193679618 0.4136802174433015 0.06891949534968017 0.043020269478476425
4 0.4958721814146577 0.4991448478763984 0.11615541513515953 0.07449449038542644
5 0.4831003645987403 0.5166725346261538 0.05428844777615521 0.03155233715410932
6 0.5055028468207299 0.4899460919355636 0.08642951396323928 0.03596058580817313
4 0.3388422445799495 0.45611549197614776 0.14063299582425265 0.15708335380466526
5 0.30860765530589873 0.3877857271666685 0.04382883414162053 0.008027594684214268
