4 0.6365971517126711 0.43634634393639854 0.1549036571110971 0.1632674188837696
6 0.6384420534308678 0.41987922126344945 0.11274457583182418 0.06641498881431762
5 0.5782556377599505 0.5214578410384789 0.0507321852446867 0.02412935299133301
4 0.5514145793841927 0.4130767344035645 0.17266364526953848 0.19309637856771839
6 0.55461146730988 0.386770141234427 0.14824975142435454 0.09133558240701095
5 0.4840960004017201 0.5141472716225669 0.050753211690159505 0.02455030361379751
4 0.4202665595070658 0.5392775517379947 0.2980376398097917 0.07895695197910385
5 0.575000683394578 0.561818398978345 0.03260869688507051 0.025729912197691385
6 0.4663449975949976 0.5477486922799423 0.09344436427769759 0.06059478715728717
4 0.29051316702975305 0.4015238530774771 0.11671362484883768 0.15999624158287107
5 0.3122552833960892 0.3160434118307086 0.050565908660944736 0.020034092964618833
6 0.29789787102548276 0.38234217636511336 0.10009514991835791 0.04350135738756761
5 0.45059695430023816 0.3325221750982452 0.05150709982092111 0.023228465479033344
4 0.42164575531784204 0.41923524678860047 0.1320886314111246 0.16044872180542907
6 0.4217450534762506 0.42963053070279367 0.13225372593418877 0.13743824136848165
