4 0.6071028955678053 0.43191907039018884 0.12202579987305051 0.1564400010573972
6 0.6070302775475906 0.4238129766170688 0.12230297366208365 0.13653614818460091
5 0.588554007481656 0.5171140195667812 0.04671959775318946 0.021973511254034572
4 0.4868714765210024 0.3885643636711373 0.12480618009832334 0.07075144372442499
5 0.48409095611933317 0.39217923648181097 0.05706804539563287 0.032543808782409755
4 0.478842329250239 0.4647572741774925 0.09706437964120551 0.06278292094720117
6 0.4813214332787286 0.44634030955205334 0.08520213146547662 0.021182850364344974
5 0.47662982264539094 0.479179951770492 0.05435767111999057 0.032636853584805336
4 0.43694430079140967 0.5134216196577405 0.2656313004121324 0.09242856618970535
6 0.47237318479148543 0.5236509010918364 0.09230662825434066 0.058605041428088644
5 0.5699003248022856 0.5504325127486892 0.03990200068631444 0.02811220642102996
4 0.3528384216214904 0.43523908851289805 0.13238280434047628 0.07355684439017768
5 0.327675413116288 0.4474380189947518 0.06138811105773967 0.03446608453443728
