4 0.5502961758591006 0.48044113442830794 0.1075703442034402 0.07363626691977049
6 0.5496389755649016 0.48482940562782273 0.10664918072325491 0.06444173110839774
5 0.5460260567787449 0.4957517281105991 0.05347897821016101 0.030801971326164912
4 0.4880269581318162 0.5402259550374544 0.10676340491495528 0.07427364481843135
5 0.4781905900407428 0.5633190136380103 0.05347314767890249 0.03221273563951921
4 0.46422303944944904 0.40599564523206066 0.10558114560451692 0.05530348020488246
6 0.48424274614750806 0.39974604706747563 0.06554173220839882 0.04261276582705148
5 0.44174412601735225 0.4115896436625194 0.0556438867753733 0.03048700912551422
4 0.3897807757446571 0.4822522767676428 0.09700798179663689 0.13457681129411075
5 0.3797984771943786 0.5562512304797499 0.04516177667674337 0.02556811567039885
6 0.49149289345367775 0.5387694293403635 0.09413351397203762 0.045140605261712485
