4 0.6072410403720001 0.5039889953656767 0.18396651534471375 0.12246645073615642
5 0.6263662220234991 0.5329284736194948 0.0690873636883026 0.040258914598703344
4 0.44022337704254916 0.4755535631761122 0.09858518790980664 0.06111594469437609
6 0.4432759233856627 0.4610237442027565 0.08927210573301109 0.028577960676726077
5 0.43336370017913073 0.4895170307218267 0.05561747291723784 0.03267095613384752
4 0.43461136059162686 0.4129119048492375 0.13092794395903623 0.0735505385809827
6 0.4666543620031992 0.3969407530454042 0.06295886140847384 0.04106681432262832
5 0.42705582451790747 0.4164549353683556 0.05800917133738498 0.03312767496172775
4 0.5625738232771871 0.4067232779962138 0.1251961878873193 0.07190184942478517
5 0.5719584403627682 0.4138437347089443 0.05837347922541991 0.03319954651020279
6 0.5416130416130417 0.38791980756266475 0.08358698834889317 0.034281730710302105
4 0.3049676660787772 0.4736414241622574 0.1257430269775949 0.15455063198118751
6 0.3052240132343491 0.46450104589639474 0.12578100433397588 0.13688938107542753
5 0.3277524838740451 0.557693746580323 0.04768460383016526 0.02137208872088725
