4 0.40624822210843714 0.44132824500768053 0.1134294817090516 0.06820436507936506
4 0.46713298168313927 0.4857209737827715 0.28824808888398457 0.12818797931157488
4 0.43113425925925924 0.5803410569219826 0.08680555555555558 0.06730647742587603
4 0.5164779427911538 0.5581810917706465 0.10049990589945262 0.08214207188551947
4 0.6048612860782172 0.5248441108154311 0.1305254612132919 0.08488597841952827
6 0.6007790321515811 0.5071725659960954 0.11977855115110003 0.04695059842118665
6 0.46774810986697285 0.4869955087978344 0.16713834543291906 0.09574566260612777
5 0.40226402194096755 0.44768503950772676 0.057494036936034 0.03354223480875457
5 0.3251417035484121 0.5429831785963861 0.04963783789779597 0.03057302585604471
5 0.6265237576512086 0.5552090627917833 0.06062610229276888 0.03556109943977592
