4 0.6069238338197815 0.5039889953656767 0.18396651534471364 0.12246645073615642
5 0.6263662220234991 0.5329284736194948 0.0690873636883026 0.040258914598703344
4 0.4337601692642451 0.41223181203388637 0.13092794395903623 0.0735505385809827
5 0.4262783134188147 0.41584925195944134 0.05800917133738509 0.03312767496172775
6 0.4669511985287458 0.396373467271928 0.06207324643078832 0.04031989890928439
4 0.5616549144730384 0.4067232779962138 0.1251961878873193 0.07190184942478517
6 0.5404254548090165 0.38807689171559034 0.08244545915778795 0.034484398782343995
5 0.5715659998436233 0.41395551371863326 0.058582808825763055 0.033537155439487876
4 0.46671459701911455 0.4702647531186924 0.09724790032630187 0.06186027175196146
5 0.4626885072200349 0.48421334326949145 0.055275322525079496 0.03174313943264384
6 0.47011297011297015 0.4537062572776859 0.08767270672032579 0.026429490715205006
4 0.43052388164728883 0.5254646645963297 0.08816603803189987 0.06428026815979543
