4 0.6692219571618728 0.44743158402738215 0.1332794741221941 0.1618870065756799
5 0.6728825224760184 0.37764953542392565 0.047102851980900806 0.004960317460317498
4 0.5478562398132827 0.42235831298331294 0.13484041923195356 0.16515313390313396
5 0.5313205239572064 0.5101130637602809 0.04529734347442682 0.016082279265873023
4 0.44081929988466517 0.43565260817922746 0.08618814445492945 0.13526804786787044
5 0.4364030582503303 0.37723435355689683 0.045650276152208125 0.0044405634686287
4 0.5029148343035326 0.5554789549084334 0.2947335674400418 0.05841054678563251
6 0.5484144274993947 0.5572051632100652 0.08012587751149847 0.05378422412736139
5 0.6601177992321623 0.5594491917452686 0.027776053816788826 0.024736228832756058
4 0.34996067001870657 0.46910718637913856 0.1075235083757779 0.06115265421611171
6 0.36647389360567656 0.46061738648947953 0.06808580451991308 0.04060538944259873
5 0.3301367388668976 0.4828262082726369 0.05763001794747824 0.03273117112402829
