4 0.6674661982927566 0.44757845824918996 0.13715079771990335 0.1618343081757716
5 0.6730885701942719 0.3777723046462179 0.047325997300640466 0.0049601377777317435
4 0.3336892685915456 0.43233804132755194 0.11181595785839837 0.1755172223896863
5 0.3466556231353739 0.3605501780151313 0.04800639535842027 0.007649087672452204
4 0.4446383228889139 0.4358156351204131 0.0924987804420428 0.13576025366805516
5 0.4525594253899917 0.37705481922410566 0.046847817070353404 0.00540131843116648
4 0.5477920304357013 0.4223159533354355 0.1304354474610307 0.1659108812236551
5 0.5305478365823193 0.5102649734923441 0.045290490692789565 0.015572260992519626
4 0.5011036452754244 0.551416885772714 0.2961989158308176 0.06573181419807184
6 0.5457852190524286 0.5552998134045146 0.08657501970161752 0.056321983548335175
5 0.6574411675440182 0.5626909946561913 0.02972202214994557 0.025001360870529954
