2 0.7441239316239316 0.43808188339438336 0.08648758648758648 0.05771138583638585
0 0.6404660154660154 0.45262896825396826 0.17297517297517295 0.09729853479853484
3 0.6182081807081807 0.4523904914529915 0.2200345950345951 0.10063721001220999
5 0.3641508954008954 0.4333123473748474 0.2524674399674399 0.12162316849816845
6 0.34602665852665854 0.43641254578754574 0.2174908424908425 0.13450091575091577
5 0.5873651811151811 0.596668956043956 0.23466117216117222 0.19268925518925517
0 0.5895909645909645 0.5976228632478632 0.18950956450956458 0.16121031746031744
0 0.49324633699633696 0.5744906135531136 0.050239112739112746 0.11399191086691085
5 0.33044617419617417 0.5823603479853479 0.28172059422059426 0.14499389499389503
6 0.24300468050468046 0.5604204822954824 0.08775946275946273 0.03338675213675202
