4 0.360354475580813 0.4401516264942191 0.12628736908572302 0.1558519498334313
4 0.46840638404424406 0.4237251552445845 0.12465434276133863 0.1917668166909211
4 0.5831454904074262 0.43652936757316174 0.12670565302144243 0.1798767752715122
4 0.48103333622459304 0.568949171284048 0.08553310010504911 0.06694379465109057
4 0.5729200688048424 0.5741303992407566 0.1094127637337513 0.08527459337644516
6 0.360364943698277 0.44814560439560447 0.12650929317595988 0.13774420024420025
6 0.4691228343189127 0.39432040070629476 0.12060379707438529 0.0859798801933861
6 0.5834340151925453 0.44193959635136104 0.1232484828285354 0.08349493643611289
5 0.5974317126887607 0.3379464091616112 0.0497951161301079 0.021019445753220678
5 0.4515692334244832 0.5265976166205524 0.04692328851350264 0.02108514149798557
5 0.33718195862898703 0.3528458379475822 0.05024404249210451 0.02086024978466844
