4 0.583253572914243 0.47070696705057424 0.13484672905480055 0.17730620767724575
5 0.5602646558385991 0.5646115636032843 0.047784459377427146 0.02134883342125793
6 0.5805915384459446 0.46731036763364353 0.1291329643820065 0.08309957124612294
6 0.46963276836158196 0.5339968955490487 0.11034137446566833 0.0811848726154501
4 0.469833881414476 0.5488286064320396 0.0885735431901315 0.04915421123607733
5 0.46963401015541617 0.5560894448481906 0.054392997504775054 0.03420845031289821
4 0.46650232774853123 0.4653004595357437 0.09745330379984829 0.0617093549552043
6 0.46832993150096774 0.44898304203079487 0.09148617138629633 0.02554470602223413
5 0.46229766946208206 0.47971651194474285 0.054263309171844576 0.03278451530010312
4 0.46860586323563397 0.3966756059614412 0.12446609745267312 0.0709938699418845
5 0.46405509635156333 0.40094351752797897 0.05765448353774005 0.032299686227537594
4 0.35788660427040364 0.4628663764090476 0.1201737058374796 0.07148079562496146
6 0.36875762714787463 0.45285331192882416 0.08751166311568748 0.04034487366443745
5 0.3453157967090439 0.47376588521898866 0.05722071357400421 0.031793163167112004
