4 0.3726722170349621 0.4873694269374416 0.11963118580765636 0.07349293884220354
4 0.4905202821869489 0.4243332909560319 0.11924803591470262 0.19187273987725795
4 0.599545906059316 0.43673599708082467 0.13379553609438677 0.1801678525816457
4 0.48094773971966953 0.5695662768031189 0.08624957455366822 0.06570245057087165
4 0.5724048878810782 0.5740681689342403 0.10991433610481227 0.08556547619047628
6 0.601561325075537 0.44277562446167096 0.12714818916369297 0.08497908207210525
6 0.48966891785319966 0.3953747168093374 0.11757789535567315 0.08436348417716988
6 0.382081353418933 0.4780710103889004 0.08677922690661544 0.04097657188219317
5 0.3614725836948059 0.49943917131417126 0.05799450243894688 0.03273362648362643
5 0.4779568832363863 0.5269181948141575 0.0458718108821628 0.020950409149166904
5 0.6204158130806228 0.3387247424503692 0.05096952636414098 0.02183092364150857
