3 0.6115058030380611 0.43502784178187404 0.20641321044546856 0.09880632360471076
0 0.6293736132445809 0.4334277393753201 0.16321044546850982 0.09560611879160269
2 0.7280465949820789 0.42102694572452637 0.08320532514080892 0.05560355862775218
5 0.36322324628776237 0.43282770097286233 0.2442823007339136 0.1320084485407066
6 0.3472222222222222 0.4424283154121864 0.2186806622290493 0.14080901177675376
6 0.26295016214371053 0.5728366615463389 0.08107185526540361 0.03920250896057342
5 0.35468936678614094 0.5784370199692781 0.2688172043010753 0.13360855094726054
5 0.5971833177715531 0.5760898109243697 0.2402349828820417 0.18929446778711478
0 0.6037484438219731 0.5777310924369747 0.18722766884531583 0.15683356676003735
0 0.5042989417989417 0.5292221055088702 0.052521008403361324 0.05033263305322122
