4 0.37670587832400126 0.4614780782863307 0.10701871543295494 0.0633283248574511
4 0.4682388941648201 0.48712861212861214 0.2882919549586216 0.1267636684303351
4 0.430553671294412 0.580377767877768 0.08705286483064262 0.0678769428769429
4 0.5168546769583158 0.5577860338766379 0.1009773249877346 0.08256098860125705
4 0.6036673928830791 0.5241828316844841 0.13097831725282705 0.08472646237021653
6 0.600073960289014 0.506432411674347 0.12317232747340268 0.045762928827444926
6 0.4693693887460825 0.48826864756742805 0.16534633743305827 0.09618176538908246
5 0.3682194229168897 0.46953513499440236 0.05795926494851228 0.03276141876469929
5 0.32571288102261553 0.5434949606686332 0.04935930452154641 0.030617888748419753
5 0.6256012506012506 0.5546536796536796 0.060325476992143745 0.0358495670995671
