4 0.33835663895187695 0.45619606401797663 0.15195893172083647 0.2594828719640467
4 0.5016845294623072 0.42439202595452596 0.1226654004431782 0.1928826147576148
4 0.6205014629170377 0.42194593336606334 0.11652716511492844 0.1808696821325611
4 0.48108955516362917 0.5687830687830687 0.08557057939773988 0.0668724279835391
4 0.5725075859651428 0.5738099761181068 0.11036620767469629 0.08537324504269794
6 0.5027847114469255 0.3967743647527598 0.11720310242876514 0.0827740218172317
6 0.6202385497918144 0.429553264604811 0.11682030582374214 0.08488790705285554
5 0.34958427815570675 0.3190040897311306 0.05084044199690452 0.018474651765468086
5 0.5146773084626192 0.5276867636753821 0.04797775984216662 0.02143572742459221
5 0.6179395894389699 0.32274333215318346 0.04950073103728614 0.020929220511004876
