4 0.4448555234345216 0.43546296280860786 0.0924987804420428 0.1357602536680551
5 0.4525594253899917 0.37705481922410566 0.046847817070353404 0.00540131843116648
4 0.6692057416749153 0.44727753690128536 0.1332794741221942 0.16188700657567995
5 0.6728825224760184 0.37764953542392565 0.047102851980900806 0.004960317460317498
4 0.548084028520194 0.42191806690813727 0.13043544746103064 0.1659108812236551
5 0.5301175637303784 0.5102340471129716 0.04529734347442682 0.016082279265873023
4 0.35139757361979584 0.43853715728715725 0.10154454598899043 0.16509339426006092
6 0.3505291005291005 0.416593720821662 0.094667496628281 0.04478874883286643
5 0.3448770653426645 0.34921534435418616 0.04942250043829499 0.01688003582744435
5 0.6576036900656472 0.558606357847329 0.02847463799949146 0.024591815194379918
4 0.5007002801120448 0.5519812091503268 0.29541446208112887 0.06025326797385633
6 0.5462473055065649 0.5544568022587899 0.08210856359004504 0.05511463844797182
