4 0.6053443137761281 0.4494229476451347 0.1704364073590332 0.19022911524491798
6 0.6083354623361759 0.4239537919892431 0.14488359460344813 0.08900703694234585
5 0.5389456760221386 0.5489188033020966 0.0491545453147777 0.02287681790328122
4 0.46464648255982066 0.46603504755283987 0.09733625080998592 0.06064642275608145
5 0.4610626466687072 0.4800439459530369 0.05445144081507719 0.03197560015741835
6 0.4686813418326501 0.4499414242374993 0.08923680709801296 0.025817351969229074
6 0.4597304150442347 0.5343006206075684 0.10955275761056449 0.08003093046172749
4 0.4597026604068858 0.5484294656829869 0.08880443152743628 0.048904538341158044
5 0.4593016977119488 0.5558105933144999 0.054078392967860656 0.033988471911693074
4 0.4578616501450151 0.4064050473561859 0.1283306849404256 0.07300659755593347
5 0.4539325682845621 0.4097662399536002 0.05749743209350466 0.0325398304984435
6 0.49485254911611504 0.38840439276485794 0.054140519256798414 0.03529900332225916
4 0.35857758741356627 0.46211655958679765 0.10239075053889873 0.1679815444696397
6 0.3606899702374316 0.48938414418546866 0.0959200434917874 0.047130481733130725
5 0.3632836513198569 0.5509491766672734 0.043901251333994806 0.015614398171725385
