4 0.6029781254837518 0.45489190377951627 0.13955208378814277 0.1653361629097751
6 0.5898262770894374 0.43147874462185 0.10665561988440142 0.05386897288477549
5 0.5656102145754345 0.3688632697138451 0.04755796051187444 0.01942050953273905
4 0.5069007222172958 0.5107411330453969 0.10992137388785422 0.0770821596795142
6 0.5074950838819766 0.5034627763748021 0.09941229640376908 0.03879035266017866
5 0.4993873200031165 0.5308799682858418 0.0535475234270415 0.03150200006374704
4 0.4635113443990255 0.4045153587842606 0.10581457592327159 0.05519518112428917
5 0.44104154542081186 0.41031765845157286 0.05640755439467199 0.030724651422115168
6 0.48367728162248713 0.40056086741368496 0.06547866136907232 0.047051556527739624
4 0.38187627772958554 0.47011041852822943 0.12752988344231558 0.06482603627900496
5 0.3557440057798139 0.4788589114726021 0.05235430157846005 0.02888091259420933
