4 0.602320317648118 0.4548359056144642 0.13873422958400516 0.16522416657967082
6 0.589556029495163 0.43141902181241604 0.10653738723914175 0.05350734791524259
5 0.565213880069238 0.369164370450891 0.04702208479691139 0.01915718839689623
4 0.46470021736588873 0.41944868193628027 0.10475785533869447 0.056543958296725816
5 0.4429536636525688 0.42678204846218704 0.05539466663408166 0.030930386011217448
6 0.4803716193679618 0.4136802174433015 0.06891949534968017 0.043020269478476425
4 0.4962608464011341 0.4991448478763984 0.11537808516220677 0.07449449038542644
5 0.4831003645987403 0.5166725346261538 0.05428844777615521 0.03155233715410932
6 0.5055028468207299 0.4899460919355636 0.08642951396323928 0.03596058580817313
4 0.38069891637107106 0.4665696050308106 0.12634558077446734 0.06891895151146565
5 0.35610836130549395 0.4782834101382488 0.05368568773586696 0.030376344086021467
