4 0.5502961758591006 0.48044113442830794 0.1075703442034402 0.07363626691977049
6 0.5496389755649016 0.48482940562782273 0.10664918072325491 0.06444173110839774
5 0.5460260567787449 0.4957517281105991 0.05347897821016101 0.030801971326164912
4 0.48778862456014915 0.5399578297693292 0.10676340491495523 0.07427364481843135
6 0.491486185123136 0.5385961576913612 0.09416551244716614 0.04522370528911235
5 0.47770248992164643 0.5633190136380103 0.053473147678902544 0.03221273563951921
4 0.460441811383168 0.4087226008696858 0.10555645734606062 0.055529394237258056
5 0.43733314303060467 0.4146613437688277 0.05560670993948624 0.03095609911824998
6 0.4818953274321084 0.4018958512046069 0.06248737260855369 0.04160958942064935
4 0.3827660021177931 0.47773059118898953 0.14241238601792883 0.07562833676301056
6 0.4054677718618068 0.46755317921742345 0.09070257542862986 0.054650009228497665
5 0.35136723985218077 0.4911483857517346 0.05812608861709717 0.03177817658054222
