4 0.6072410403720001 0.5039889953656767 0.18396651534471375 0.12246645073615642
5 0.6263662220234991 0.5329284736194948 0.0690873636883026 0.040258914598703344
4 0.43420120514271177 0.41268119240922274 0.13092794395903623 0.0735505385809827
5 0.4266187899497674 0.41635873907607135 0.058009171337385035 0.03312767496172775
6 0.4667809602632693 0.3964790059412965 0.06207324643078832 0.04031989890928439
4 0.5619254157660346 0.4067232779962138 0.12519618788731934 0.07190184942478517
6 0.5404254548090165 0.38807689171559034 0.08244545915778795 0.034484398782343995
5 0.5715659998436233 0.41395551371863326 0.058582808825763055 0.033537155439487876
4 0.45780895178089254 0.4712529105532419 0.09794811117882718 0.06186027175196146
5 0.4532253283549492 0.484860185570827 0.05527532252507955 0.031743139432643785
6 0.4592263773054734 0.4533120628194781 0.09005171434549963 0.023015032284100068
4 0.41444432300176964 0.5257907507769467 0.11159779835887418 0.0768214424915088
6 0.41895230314347953 0.5241158963585434 0.09742322855067947 0.05708012371615312
5 0.40733941156993514 0.5436132586815057 0.05458672045517504 0.03210427689594353
