4 0.6689318801174098 0.44743158402738215 0.1332794741221942 0.1618870065756799
5 0.6728825224760184 0.37764953542392565 0.047102851980900806 0.004960317460317498
4 0.5473375138043606 0.42235831298331294 0.13484041923195356 0.16515313390313396
5 0.5313205239572064 0.5101130637602809 0.04529734347442682 0.016082279265873023
4 0.44081929988466517 0.43565260817922746 0.08618814445492945 0.13526804786787044
5 0.4360520697447311 0.37723435355689683 0.04660127704253875 0.0044405634686287
6 0.32746746296260065 0.4575644025986873 0.1270180669121454 0.0708625272576272
4 0.3156146179401993 0.46442414174972313 0.09105450965916079 0.04983388704318936
5 0.30942481631786956 0.4681662242759761 0.058361784012297246 0.03282110269905686
4 0.5029148343035326 0.5554789549084334 0.2947335674400418 0.05841054678563251
6 0.5484144274993947 0.5572051632100652 0.08012587751149847 0.05378422412736139
5 0.659892266184805 0.5595967068537617 0.027776053816788715 0.025184619320342883
