4 0.3726722170349621 0.4500758636788048 0.12157640834111422 0.06929855275443508
4 0.47093181765670844 0.4896106259097526 0.28430335097001763 0.13015873015873008
4 0.4310489627949945 0.5801209372637944 0.08692365835222976 0.06779100529100535
4 0.5178928596060812 0.5557947773416363 0.10173115387268089 0.08798328456149684
4 0.6055633692764494 0.5249146071930882 0.1311588864331481 0.08507886276873627
6 0.6025565964090553 0.506958674863388 0.12233642698123581 0.04604556986729119
6 0.46956552878718705 0.49017756425751347 0.16965236931395983 0.09706611070824267
6 0.3949229626048577 0.4398819595520103 0.05841592136008383 0.039783256788332944
5 0.3613171133662937 0.4579653753577934 0.059451528030763034 0.032831609419724184
5 0.3313075936904585 0.5482246446101867 0.050643491071871216 0.031076687703193606
5 0.6277819769883262 0.5557190825047968 0.06072704485402891 0.035794232222803646
