5 0.4122200864919725 0.4789180567276678 0.040683655820531794 0.02689833985123835
4 0.5380299845723935 0.5155465103141265 0.2496892701163823 0.09146880664986506
5 0.4680200767417016 0.4301164163395346 0.04029887542432342 0.028890737896114294
4 0.5952380952380952 0.4703471300801022 0.25813444286096493 0.09866885350631488
6 0.553936801260374 0.4562153142532631 0.10526272413467042 0.05921899625565913
6 0.5057321789486781 0.5046529899458195 0.09043541749634937 0.055936913295784596
6 0.70909639575995 0.5460424910705022 0.10887894252351149 0.06175618395506366
5 0.7726135721778423 0.4568436170764602 0.050143514195801764 0.02342372134038806
4 0.7130956719135013 0.5314492482915448 0.15347898584332687 0.14603468909428213
5 0.5533772150835643 0.5706565695404981 0.052792959538991324 0.03017023106308825
4 0.532845498123276 0.5814064407814408 0.13100325600325602 0.048808251933252
