5 0.4858671700005933 0.42778281368545057 0.0442944312676114 0.02770935960591131
4 0.6042112904426986 0.47720257856633164 0.2454576913183436 0.11181496419427289
5 0.7450556557396193 0.570415114968934 0.056021033032527257 0.029143509746958007
6 0.5681335130835048 0.46166705635361205 0.1052627241346703 0.05921899625565913
4 0.6947506368802665 0.5681285824514991 0.11868018812463266 0.05063657407407418
5 0.4141851766650479 0.4771909266927383 0.040683655820531794 0.02689833985123835
4 0.5351178761001627 0.5180776014109347 0.24697748127699815 0.09836764818648874
6 0.5054545713147863 0.5059990506059054 0.09043541749634931 0.05593691329578432
5 0.6245619092841315 0.6099839107651608 0.03914552525663639 0.02710686304436305
4 0.4967112415742553 0.575108039791259 0.25533932497402817 0.09105240269623827
6 0.6747393652155558 0.5665582674511247 0.05498695974886447 0.04682616289759156
6 0.5325052944100563 0.5863803854875284 0.07762864905722039 0.052188668260096716
