5 0.27948417840012985 0.5300630396176121 0.04430471419199272 0.02617945326278659
4 0.41553790137943314 0.5304231599102227 0.2278575052547656 0.04832912046096982
5 0.5098982443034411 0.4841280884589678 0.044730721059223544 0.0059907215704316785
4 0.5016278947279919 0.41398775910437713 0.12750846084179418 0.15723631795060372
4 0.39638536966039395 0.4228117201878135 0.1270422698994127 0.1659253444967731
6 0.3862845213671258 0.3986330926928594 0.10283780934898523 0.05061548428895368
5 0.36796123565883015 0.33498123261332025 0.047728140511645645 0.018345504009163793
5 0.2550738371633894 0.3394856076759062 0.04948800968701467 0.02080371949774934
6 0.28310826818289503 0.443393153281213 0.09739661480955014 0.056710495143330986
4 0.2838774430357798 0.4244980319025232 0.1082302675255343 0.15728206933875843
