5 0.49324839288933736 0.5078624104488477 0.05238771208573756 0.0291224213262542
4 0.6025622996830085 0.5475575243017103 0.11645485067411976 0.055947766703580704
4 0.47887634448667316 0.5110960904314779 0.09796432918498654 0.052310390118488814
5 0.6234602822752411 0.5511077257829322 0.056021033032527257 0.029143509746958007
5 0.6889737161846005 0.43244501790420153 0.06635401193224322 0.036010865092497735
4 0.6412226319633727 0.4481195887445888 0.21845438512105186 0.11135662177328848
5 0.375293730492953 0.5347164375954463 0.04409171075837742 0.027766208524225955
6 0.46212740576200245 0.5696049678374752 0.10206652577886788 0.05907550094867875
4 0.4932872246418669 0.5816512730040126 0.2418473346936056 0.10713997443449486
6 0.5772414786020228 0.54772280936184 0.038242810351654 0.049476635892452214
