5 0.49324839288933736 0.5078624104488477 0.05238771208573756 0.0291224213262542
4 0.6025622996830085 0.5516911221853082 0.11645485067411976 0.055947766703580704
4 0.47887634448667316 0.5110960904314779 0.09796432918498654 0.052310390118488814
5 0.6234602822752411 0.5511077257829322 0.056021033032527257 0.029143509746958007
5 0.6889737161846005 0.43244501790420153 0.06635401193224322 0.036010865092497735
4 0.6412226319633727 0.4481195887445888 0.21845438512105186 0.11135662177328848
5 0.3546634293760731 0.571423308492274 0.04526125215780391 0.027630415561450072
4 0.4676996056306401 0.6246118584480653 0.23601345440425903 0.11835027998821102
6 0.4369991438956956 0.6082309692223485 0.10210096416992964 0.05835280619763372
6 0.5731922398589064 0.5503168529316489 0.03419357160853764 0.04909701976028513
