4 0.5581766882221306 0.4635679966473871 0.3763176243796399 0.17672572905131045
5 0.49324839288933736 0.5078624104488477 0.05238771208573756 0.0291224213262542
5 0.37331761469692504 0.38251678876678874 0.04491038973797601 0.028090922487474246
5 0.6228392722645596 0.5514570439139406 0.056021033032527257 0.029143509746958007
4 0.6025622996830085 0.5516911221853082 0.11645485067411976 0.055947766703580704
4 0.47872009677565236 0.5113340074277575 0.097934472934473 0.05254438848188847
5 0.32191627019213226 0.5753705107153383 0.0454951604376892 0.02763041556144996
6 0.404836755411468 0.6104348237968928 0.10560958836820905 0.06223422171698034
4 0.4407416763738603 0.6284932739674118 0.24759191425858096 0.11927129384025947
6 0.5699577128148556 0.550805907948765 0.024173833697643254 0.045964331678617465
