5 0.4521694235864929 0.46138348617968183 0.04164217127180081 0.026974375932709238
4 0.6077325726314284 0.43795529031839137 0.23396315600892953 0.11404773690774173
4 0.5792505490573123 0.4974268929205523 0.2479114194090039 0.09037464313732424
4 0.7719474904177845 0.518632205428455 0.12561379467854283 0.05094138974534651
5 0.834378700184647 0.5150986940159477 0.060134469367646215 0.029168063939190803
6 0.546513559798584 0.48611710183268153 0.08871593010079326 0.05589343225212784
5 0.7035408658214828 0.4824326854602423 0.029394473838918356 0.019436122499036423
5 0.5882517326179298 0.5619655432595574 0.04905979084382839 0.029866700201207186
4 0.5677584022654445 0.5610485831656606 0.11861291204014213 0.05388232170802587
6 0.7516528233474229 0.518754988028731 0.06034898958548862 0.04794049835949277
