5 0.4475014244553619 0.4658918318583104 0.04341163295747713 0.026969335291957386
5 0.7022553932046205 0.4830834559725288 0.029394473838918356 0.019436122499036423
5 0.8136857095190428 0.538135792042042 0.058242766576099836 0.02924241205491207
4 0.7535809619142952 0.5391831563706564 0.12125220458553787 0.049268018018018056
4 0.6065589398922733 0.43825912966537967 0.23356690023356697 0.11319913663663661
4 0.5672275787218316 0.5088930466085639 0.24349851936058836 0.10150888383647005
6 0.5370514933356463 0.4963163544106166 0.09512244484922078 0.05765352589123074
4 0.5657810799654771 0.5819929922323539 0.11388795076738334 0.055196724079702775
5 0.5819113402178784 0.5834354106058286 0.050046218320601965 0.029187720104118742
6 0.7309755573644462 0.5389575702075702 0.05356012300456747 0.04705942205942204
