5 0.28091972247133284 0.5388301123381734 0.04430471419199278 0.02617945326278648
4 0.4167683677261784 0.5384045632404632 0.22785750525476534 0.04832912046096971
4 0.5016278947279919 0.41398775910437713 0.12750846084179418 0.15723631795060372
4 0.39638536966039395 0.4228117201878135 0.1270422698994127 0.1659253444967731
6 0.3862845213671258 0.3986330926928594 0.10283780934898523 0.05061548428895368
5 0.36796123565883015 0.33498123261332025 0.047728140511645645 0.018345504009163793
5 0.51151135567265 0.4841280884589678 0.044730721059223544 0.0059907215704316785
5 0.24969619735879897 0.3536116555361982 0.051216285972383535 0.02018909698025545
6 0.27375844194949883 0.4134984151180797 0.10068503462812403 0.04317593399148273
4 0.28417645287563986 0.4343302361595044 0.13119972469565966 0.1534976287262872
