5 0.4660017942069873 0.4310770411998074 0.040298875424323366 0.028890737896114238
6 0.7125702881227313 0.5384517022297134 0.10887894252351149 0.06175618395506355
5 0.7884865880508581 0.453371394854238 0.050143514195801764 0.02342372134038806
5 0.41132771017828484 0.481459991158267 0.03999831586038477 0.02756462885773231
4 0.5403866036049945 0.5111626878868258 0.2534396212557132 0.08381226053639845
6 0.5088167842280706 0.501795193878147 0.09043541749634931 0.05593691329578471
4 0.5953169273912224 0.46847002186542885 0.26031003443304906 0.09508156120741362
6 0.5555555555555556 0.45564058956916104 0.09882142157274432 0.05779163517258756
4 0.718694885361552 0.5246663059163059 0.1696862807973919 0.14294733044733043
5 0.3943226064804165 0.5310175600030673 0.027796948086803164 0.023483628556092317
4 0.5090249554822824 0.5679503584847788 0.2840400787260691 0.10262106050149522
