4 0.5574929186040297 0.5167410714285714 0.24009940676607355 0.10590277777777785
6 0.5278214180375728 0.5030997751774202 0.09375131673197662 0.05595170377593589
5 0.4410323703672603 0.4712543372208158 0.04341163295747724 0.026969335291957386
5 0.7022553932046205 0.4830834559725288 0.029394473838918356 0.019436122499036423
5 0.8136857095190428 0.538135792042042 0.058242766576099836 0.02924241205491207
4 0.7535809619142952 0.5391831563706564 0.12125220458553787 0.049268018018018056
4 0.6065589398922733 0.43825912966537967 0.23356690023356697 0.11319913663663661
5 0.4366352354103885 0.565554305711786 0.02337670754118698 0.02525725950922808
4 0.550914931929805 0.5936757905261842 0.2808676693191129 0.08527579885847603
6 0.7306239923826836 0.539320406076541 0.05355925601324374 0.046407878079657294
