5 0.7022553932046205 0.4830834559725288 0.029394473838918356 0.019436122499036423
5 0.45344744418818494 0.45922682641432644 0.04164217127180081 0.026974375932709238
4 0.6076823863573095 0.43795529031839137 0.23510047085407282 0.11404773690774173
4 0.5760747487946842 0.49897430723701913 0.24768224929645427 0.0966841538875437
6 0.5453787413723374 0.48712835717782554 0.09512244484922072 0.05765352589123124
5 0.834378700184647 0.5150986940159477 0.060134469367646215 0.029168063939190803
4 0.7725565579282605 0.5182907245632066 0.12561379467854283 0.050941389745346566
5 0.6586518491280395 0.6056279493779494 0.03779289493575211 0.027099803885518137
4 0.5263767168529074 0.5701492308635165 0.2631883584264537 0.10035545749831465
6 0.7502353361249067 0.5188552926282988 0.05761677540818644 0.04929886064855393
