4 0.5586858052584326 0.463781245087321 0.37404017038693166 0.1763633051091778
5 0.37403603333146385 0.38245662309515255 0.044070603831442734 0.028344671201814053
4 0.5121348672935975 0.5095031787740121 0.1087595532039976 0.053185626102292716
4 0.6022018271845738 0.5540287542422634 0.11566086445313495 0.054096215780998325
5 0.5278329512834194 0.5072528039279111 0.05238771208573756 0.029122421326254144
5 0.6235643390123795 0.553778050828251 0.05294918846914798 0.029211646953351766
5 0.327728031101047 0.5351646534682248 0.043542255843843136 0.02802670213384506
6 0.4174580563469452 0.566263163919414 0.10005426672093337 0.05969869251119253
4 0.44723263114067713 0.5812913140499347 0.24279679452093245 0.10473243231863927
6 0.5688017517113563 0.5518878631961259 0.02148536753056529 0.04739625369921974
