4 0.4911164767904074 0.48963216174907953 0.09873819397628925 0.05429536679536695
4 0.6017622411578796 0.5358325910364689 0.12189059808107428 0.05688086045228902
5 0.6233955750309479 0.5345944961888016 0.05602103303252737 0.029143509746958007
5 0.47342437230595885 0.42688123475712425 0.04477266382028289 0.025854936569222275
5 0.5085838971568604 0.48323041723060484 0.05233311831374782 0.0291991987663901
6 0.5584093047649898 0.4639632213429589 0.09615335174130113 0.057918575593502664
4 0.5888495641390847 0.47898894003463066 0.240846685108914 0.1163146841786602
4 0.4772317090101346 0.5617957216900366 0.12379101300384099 0.050109329446064166
5 0.49008643517875783 0.5568064810958397 0.05180454645955135 0.029863135730482715
6 0.5840834194087846 0.5362478656801366 0.05937449496546443 0.05474135205210906
