5 0.4644270902513309 0.4305133687611349 0.04029887542432342 0.028890737896114294
5 0.4124729494187622 0.4812989418900748 0.039998315860384825 0.02756462885773231
6 0.5088167842280706 0.501795193878147 0.09043541749634931 0.05593691329578471
6 0.5555555555555556 0.45564058956916104 0.09882142157274432 0.05779163517258756
4 0.5945915892152451 0.4680299539170507 0.25950751757203366 0.09469696969696978
4 0.5444227218420766 0.5121418679886423 0.25536987902579295 0.08429630405436861
4 0.7188947344754709 0.5250137708530059 0.1849853360712661 0.1394650164126084
6 0.7092769958681195 0.5374145645037995 0.11453852341482174 0.06295247088448219
5 0.7979108623231006 0.4565828444904532 0.05026881033322261 0.024262422360248448
5 0.6234974166320146 0.6055888931905191 0.01720652127156186 0.02634748569707923
4 0.5066364596626566 0.5842487740353595 0.2819957652839315 0.07588344732653673
