4 0.4967956825235013 0.48746723089716704 0.09873819397628913 0.054295366795366895
4 0.6021962708044619 0.5346589573866511 0.12202846709888959 0.058772775542141775
5 0.4858671700005933 0.42778281368545057 0.0442944312676114 0.02770935960591131
4 0.6042112904426986 0.47720257856633164 0.2454576913183436 0.11181496419427289
6 0.5703166935050993 0.46155690537084393 0.09686644384001597 0.05930814354727393
5 0.515787888276411 0.4815150336708409 0.05233311831374782 0.029199198766390044
5 0.6233955750309479 0.533274341362352 0.05602103303252737 0.029143509746958007
5 0.5020604670011358 0.5675871346381055 0.05465089068109563 0.0294569014229209
4 0.48764861332283127 0.5659015898700366 0.10487834112429578 0.052894000102737926
6 0.5801983379666995 0.5342324959644875 0.05249902848772903 0.056644303201506596
