4 0.4927295881596162 0.48925408877192106 0.09873819397628919 0.05429536679536662
4 0.6020692053555904 0.5353737005365526 0.12202846709888959 0.058772775542141664
5 0.5101970085260692 0.48323041723060484 0.05233311831374776 0.0291991987663901
5 0.4856676599971619 0.4276705893085203 0.0442944312676114 0.02770935960591131
4 0.6045174828785207 0.47711646194375673 0.24545769131834372 0.11181496419427284
6 0.5703166935050993 0.46155690537084393 0.09686644384001597 0.05930814354727393
5 0.6054131054131056 0.606984781091924 0.03343217628931916 0.02142203035060186
4 0.502490942102541 0.5577352297099902 0.26059557184856474 0.1285335524411741
5 0.6237387011847096 0.5343929004864394 0.056021033032527257 0.029143509746958007
6 0.5826258151839547 0.5363487449243263 0.06152331733727068 0.05502491694352163
