4 0.6408019477625886 0.447519550342131 0.21845438512105186 0.11135662177328842
5 0.6895070836534518 0.4317449731013342 0.06635401193224322 0.03601086509249779
5 0.6226667313899096 0.5373134019597972 0.056021033032527257 0.029143509746958007
4 0.4894350132445371 0.4906120287097889 0.09873819397628925 0.05429536679536673
5 0.505657782191277 0.48429761372406654 0.05233311831374782 0.0291991987663901
4 0.6004303623351243 0.5381563842898589 0.12189059808107428 0.05688086045228902
4 0.42113236557681 0.6139404576904577 0.23608079163634715 0.13036731786731792
6 0.3877581498549241 0.5938880088325653 0.11022927689594353 0.06210397465437789
5 0.3083988224919597 0.5543428308823529 0.04684744268077601 0.027810603408029877
6 0.5817656280619243 0.539434523809524 0.05527439102318332 0.05205937044705167
