5 0.28091972247133284 0.5388301123381734 0.04430471419199278 0.02617945326278648
4 0.4167683677261784 0.5384045632404632 0.22785750525476534 0.04832912046096971
4 0.5016278947279919 0.41398775910437713 0.12750846084179418 0.15723631795060372
4 0.39638536966039395 0.4228117201878135 0.1270422698994127 0.1659253444967731
6 0.3862845213671258 0.3986330926928594 0.10283780934898523 0.05061548428895368
5 0.36796123565883015 0.33498123261332025 0.047728140511645645 0.018345504009163793
5 0.51151135567265 0.4841280884589678 0.044730721059223544 0.0059907215704316785
5 0.23543842988287433 0.4656259539072039 0.0587889476778366 0.03155842999592995
4 0.27147492425270203 0.4584319037444038 0.1384931940487496 0.062480921855921856
6 0.2846383798764751 0.45380201630201633 0.06639292353578069 0.04538977753263468
