4 0.4911164767904074 0.48963216174907953 0.09873819397628925 0.05429536679536695
4 0.6018907884195657 0.5363387458793584 0.12189059808107416 0.05688086045228902
5 0.6233955750309479 0.5345944961888016 0.05602103303252737 0.029143509746958007
5 0.47342437230595885 0.42688123475712425 0.04477266382028289 0.025854936569222275
5 0.5085838971568604 0.48323041723060484 0.05233311831374782 0.0291991987663901
6 0.5584093047649898 0.4639632213429589 0.09615335174130113 0.057918575593502664
4 0.5888495641390847 0.47898894003463066 0.240846685108914 0.1163146841786602
5 0.5571428571428572 0.6231150793650793 0.04021164021164014 0.026388888888888906
4 0.4300515151306178 0.5775543395784419 0.25556848998372356 0.10970683367973721
6 0.5794510208352017 0.5364394168684423 0.050257077093235236 0.054122107882701
