4 0.4927295881596162 0.48925408877192106 0.09873819397628919 0.05429536679536662
5 0.6233955750309479 0.5344894047171849 0.05602103303252737 0.029143509746958007
4 0.6020692053555904 0.5353737005365526 0.12202846709888959 0.058772775542141664
5 0.5101970085260692 0.48323041723060484 0.05233311831374776 0.0291991987663901
5 0.4856676599971619 0.4276705893085203 0.0442944312676114 0.02770935960591131
4 0.6045174828785207 0.47711646194375673 0.24545769131834372 0.11181496419427284
6 0.5703166935050993 0.46155690537084393 0.09686644384001597 0.05930814354727393
5 0.3582819748372829 0.516662910524269 0.029361740571837047 0.021487344009615716
4 0.4551066975571991 0.558991006003374 0.24127260485645025 0.11362518550954037
6 0.5844019968313754 0.5359665052461663 0.05978537051983368 0.055278114070486994
