5 0.7450556557396193 0.570415114968934 0.056021033032527257 0.029143509746958007
6 0.5681335130835048 0.46166705635361205 0.1052627241346703 0.05921899625565913
4 0.6947506368802665 0.5681285824514991 0.11868018812463266 0.05063657407407418
5 0.4122200864919725 0.4789180567276678 0.040683655820531794 0.02689833985123835
6 0.5058686857931312 0.5044994197458097 0.09043541749634937 0.05593691329578465
4 0.6069010638903112 0.47615047363031227 0.24606019229675147 0.10904697900665633
5 0.48358650509188145 0.4286274321556579 0.04380724810832348 0.026481694828469016
4 0.5378820258114594 0.5161355396383251 0.24968927011638242 0.09146880664986518
5 0.3923602626381314 0.5502727280998654 0.02615679722896669 0.023946976432236866
4 0.5096939662667362 0.5858065057008719 0.2872171299401347 0.10007964453386986
6 0.6733301040812778 0.566681338028169 0.05216484089723539 0.047332606751620876
