4 0.4967956825235013 0.48746723089716704 0.09873819397628913 0.054295366795366895
4 0.6021962708044619 0.5346589573866511 0.12202846709888959 0.058772775542141775
5 0.4858671700005933 0.42778281368545057 0.0442944312676114 0.02770935960591131
4 0.6042112904426986 0.47720257856633164 0.2454576913183436 0.11181496419427289
6 0.5703166935050993 0.46155690537084393 0.09686644384001597 0.05930814354727393
5 0.515787888276411 0.4815150336708409 0.05233311831374782 0.029199198766390044
5 0.6233955750309479 0.533274341362352 0.05602103303252737 0.029143509746958007
5 0.40545203588681855 0.5082528180354269 0.04047065238691644 0.015336247220305244
4 0.46914006253780816 0.5703766007208037 0.1810529185730474 0.15468043094854694
6 0.5821968850137864 0.5356356891348089 0.0571329209826863 0.054580957970042365
