5 0.7022553932046205 0.4830834559725288 0.029394473838918356 0.019436122499036423
5 0.45344744418818494 0.45922682641432644 0.04164217127180081 0.026974375932709238
4 0.6076823863573095 0.43795529031839137 0.23510047085407282 0.11404773690774173
4 0.5760747487946842 0.49897430723701913 0.24768224929645427 0.0966841538875437
6 0.5453787413723374 0.48712835717782554 0.09512244484922072 0.05765352589123124
5 0.834378700184647 0.5150986940159477 0.060134469367646215 0.029168063939190803
4 0.7725565579282605 0.5182907245632066 0.12561379467854283 0.050941389745346566
5 0.5646625934324347 0.561468076814059 0.05432728647014362 0.030337655895691595
4 0.5543614050558496 0.5585155068972033 0.10642374233644081 0.055582128684807275
6 0.7505844715147041 0.5181801402731635 0.05824207374594981 0.048218899963085926
