5 0.4644270902513309 0.4305133687611349 0.04029887542432342 0.028890737896114294
5 0.797658483006052 0.4562554993817172 0.050143514195801764 0.02342372134038806
5 0.4124729494187622 0.4812989418900748 0.039998315860384825 0.02756462885773231
6 0.5088167842280706 0.501795193878147 0.09043541749634931 0.05593691329578471
6 0.5555555555555556 0.45564058956916104 0.09882142157274432 0.05779163517258756
4 0.5945915892152451 0.4680299539170507 0.25950751757203366 0.09469696969696978
4 0.5437417687801712 0.5110885187210072 0.255369879025793 0.08429630405436861
4 0.7188947344754709 0.5250137708530059 0.1849853360712661 0.1394650164126084
6 0.7092769958681195 0.5374145645037995 0.11453852341482174 0.06295247088448219
4 0.5064089894070737 0.6077869089722537 0.2542534271461474 0.12180408193339232
5 0.4073512694202349 0.5625749968422382 0.03204543434428492 0.02322270641236157
