4 0.4894350132445371 0.49036780205039765 0.09873819397628925 0.05429536679536673
5 0.5059682871966177 0.4838609660603062 0.05233311831374782 0.0291991987663901
4 0.6015171298538167 0.5368642032374428 0.12189059808107416 0.05688086045228902
5 0.6235824043138225 0.5359606853198213 0.05602103303252737 0.029143509746958007
5 0.4844129844129844 0.41913724949439235 0.04477266382028283 0.025854936569222275
6 0.5583815107624632 0.45921240117668694 0.10929296643582365 0.05927483606055034
4 0.5928721307730054 0.47507126816529144 0.23063810721731037 0.12178398202450674
5 0.391156462585034 0.5116213151927438 0.03556408318313081 0.023547880690737877
4 0.4871654781075071 0.5567888953588681 0.25304807913503563 0.1223230460662525
6 0.5822148679291537 0.538740270883128 0.05617862760719894 0.05190139118710557
