5 0.4858671700005933 0.42778281368545057 0.0442944312676114 0.02770935960591131
4 0.6042112904426986 0.47720257856633164 0.2454576913183436 0.11181496419427289
5 0.7450556557396193 0.570415114968934 0.056021033032527257 0.029143509746958007
6 0.5681335130835048 0.46166705635361205 0.1052627241346703 0.05921899625565913
4 0.6947506368802665 0.5681285824514991 0.11868018812463266 0.05063657407407418
6 0.5004126531904309 0.5060477716727716 0.10061954506398951 0.0589832621082621
5 0.4158899445585549 0.4744272774520588 0.04327098593376538 0.027074278167572685
4 0.5325406515882707 0.5205335339263911 0.2390642866833344 0.10591095412523988
5 0.4079509588510209 0.5382221557151725 0.05197402776546167 0.03052858325204688
4 0.527830606555645 0.5766940512764245 0.22442071213192566 0.09103439763001975
6 0.6730650916697428 0.5665143964562569 0.05167958656330751 0.04752676264304179
