4 0.6205334842136384 0.4689363703092027 0.2506601013344752 0.10623107624552708
6 0.5826987185368688 0.45435033358237326 0.09882142157274432 0.05779163517258756
4 0.5574929186040297 0.5167410714285714 0.24009940676607355 0.10590277777777785
6 0.5278214180375728 0.5030997751774202 0.09375131673197662 0.05595170377593589
5 0.7742750884572831 0.4961472813763186 0.0505274573597555 0.024108375234151547
6 0.6876663708961845 0.5784854702750665 0.11447413103727799 0.06554705215419498
4 0.696635336904488 0.5658536059351276 0.18335031274989855 0.14164633244602187
5 0.4975902576588095 0.42341218835434774 0.043524979257627106 0.02728812176112949
5 0.44018035663279875 0.4711345227894071 0.04341163295747702 0.02696933529195733
5 0.5353326844731288 0.6011834487128545 0.053866076284895925 0.030047837175614434
4 0.5216154641441998 0.5980669234979579 0.10572654250815172 0.055523977937771085
