4 0.5586858052584326 0.463781245087321 0.37404017038693166 0.1763633051091778
5 0.37403603333146385 0.38245662309515255 0.044070603831442734 0.028344671201814053
4 0.5121348672935975 0.5095031787740121 0.1087595532039976 0.053185626102292716
4 0.6022018271845738 0.5540287542422634 0.11566086445313495 0.054096215780998325
5 0.5278329512834194 0.5072528039279111 0.05238771208573756 0.029122421326254144
5 0.6235643390123795 0.553778050828251 0.05294918846914798 0.029211646953351766
5 0.5922815082193118 0.6346820190661298 0.04357752171163243 0.027115438011939497
6 0.5091114299083201 0.6010588759313249 0.10065250590031927 0.06167858299782503
4 0.4768703214253941 0.5861627798340489 0.23686409488708837 0.11113850623037047
6 0.5687406729073395 0.5535444012006512 0.0233177316510651 0.044754146316646315
