5 0.7450556557396193 0.570415114968934 0.056021033032527257 0.029143509746958007
6 0.5681335130835048 0.46166705635361205 0.1052627241346703 0.05921899625565913
4 0.6947506368802665 0.5681285824514991 0.11868018812463266 0.05063657407407418
5 0.4122200864919725 0.4789180567276678 0.040683655820531794 0.02689833985123835
6 0.5058686857931312 0.5044994197458097 0.09043541749634937 0.05593691329578465
4 0.6069010638903112 0.47615047363031227 0.24606019229675147 0.10904697900665633
5 0.48503552845013786 0.4292096290406716 0.04380724810832343 0.026481694828469016
4 0.5378820258114594 0.5161355396383251 0.24968927011638242 0.09146880664986518
5 0.5928385463532855 0.5987811791383221 0.06988686127008126 0.03711802181189938
4 0.5611944954348582 0.5949006586761689 0.18536515135154585 0.08975812547241113
6 0.6748050028566461 0.5664193494299129 0.05480413344263113 0.04698328862061252
