4 0.4970783216950294 0.48746723089716704 0.09873819397628925 0.054295366795366895
4 0.6021962708044619 0.5346589573866511 0.12202846709888959 0.058772775542141775
5 0.4858671700005933 0.42778281368545057 0.0442944312676114 0.02770935960591131
4 0.6042112904426986 0.47720257856633164 0.2454576913183436 0.11181496419427289
6 0.5703166935050993 0.46155690537084393 0.09686644384001597 0.05930814354727393
5 0.515787888276411 0.4815150336708409 0.05233311831374782 0.029199198766390044
5 0.6233955750309479 0.533274341362352 0.05602103303252737 0.029143509746958007
5 0.5876232224863465 0.6209083371673951 0.044837222776031305 0.026778525419829724
4 0.4763719531205681 0.5687525118941217 0.2324071983946705 0.1140765267063506
6 0.5095233502351557 0.5842582258597884 0.09840259406231622 0.058257895171957674
6 0.5806654111738858 0.5349155905299974 0.052312199204854526 0.055278114070486994
