5 0.4858671700005933 0.42778281368545057 0.0442944312676114 0.02770935960591131
4 0.6042112904426986 0.47720257856633164 0.2454576913183436 0.11181496419427289
5 0.7450556557396193 0.570415114968934 0.056021033032527257 0.029143509746958007
6 0.5681335130835048 0.46166705635361205 0.1052627241346703 0.05921899625565913
4 0.6947506368802665 0.5681285824514991 0.11868018812463266 0.05063657407407418
5 0.4141851766650479 0.4771909266927383 0.040683655820531794 0.02689833985123835
4 0.5351178761001627 0.5180776014109347 0.24697748127699815 0.09836764818648874
6 0.5054545713147863 0.5059990506059054 0.09043541749634931 0.05593691329578432
5 0.38861293751747583 0.5711312255656446 0.02207770204640308 0.02357113657729859
4 0.497975132150256 0.6047664920116684 0.2579942631866163 0.09193865096847753
6 0.67395310450866 0.5664618945868946 0.052853525075747254 0.04769536019536025
