5 0.4475014244553619 0.4658918318583104 0.04341163295747713 0.026969335291957386
5 0.7022553932046205 0.4830834559725288 0.029394473838918356 0.019436122499036423
4 0.6065589398922733 0.43825912966537967 0.23356690023356697 0.11319913663663661
4 0.5672275787218316 0.5088930466085639 0.24349851936058836 0.10150888383647005
6 0.5370514933356463 0.4963163544106166 0.09512244484922078 0.05765352589123074
5 0.6861772486772486 0.4977408297720798 0.05242956631845519 0.0288556929181929
6 0.6048637504036565 0.5371348461137193 0.10929776187992146 0.06334302108949996
5 0.893139782028671 0.546906796906797 0.06218061773617323 0.030101071767738352
4 0.7898851972350937 0.5449802203490091 0.17102654266215334 0.05060448092280401
4 0.5714075753758293 0.5586973439315989 0.23872511967750065 0.12835361145653001
6 0.7625272331154684 0.544267186041083 0.07067641871563446 0.04796189309056964
