4 0.4969509350261716 0.48746723089716704 0.09873819397628919 0.054295366795366895
4 0.6023831000873364 0.5344487744434173 0.12202846709888959 0.058772775542141664
5 0.4858671700005933 0.42778281368545057 0.0442944312676114 0.02770935960591131
4 0.6042112904426986 0.47720257856633164 0.2454576913183436 0.11181496419427289
6 0.5703166935050993 0.46155690537084393 0.09686644384001597 0.05930814354727393
5 0.515787888276411 0.4815150336708409 0.05233311831374782 0.029199198766390044
5 0.6233955750309479 0.533274341362352 0.05602103303252737 0.029143509746958007
5 0.39485103962260626 0.532208554955496 0.04235989801103873 0.027461359268090568
6 0.48223769126934857 0.5662798173273034 0.10210063748238785 0.05874789394342472
4 0.5115918154616483 0.5797943627758931 0.2400031643655215 0.10902228085605392
6 0.5789156830823498 0.5350624491249492 0.04988581377470269 0.054690679690679755
