5 0.7450556557396193 0.570415114968934 0.056021033032527257 0.029143509746958007
6 0.5681335130835048 0.46166705635361205 0.1052627241346703 0.05921899625565913
4 0.6947506368802665 0.5681285824514991 0.11868018812463266 0.05063657407407418
5 0.4122200864919725 0.4789180567276678 0.040683655820531794 0.02689833985123835
6 0.5058686857931312 0.5044994197458097 0.09043541749634937 0.05593691329578465
4 0.6069010638903112 0.47615047363031227 0.24606019229675147 0.10904697900665633
5 0.48358650509188145 0.4286274321556579 0.04380724810832348 0.026481694828469016
4 0.5378820258114594 0.5161355396383251 0.24968927011638242 0.09146880664986518
5 0.5442376481108875 0.5670743209255533 0.05169908338922424 0.02995402973395933
4 0.5266941153091388 0.5780341772859379 0.12684129468167032 0.052747037782248984
6 0.6738608141669367 0.5663872691933917 0.05376489220026637 0.04757855523161636
