5 0.7022553932046205 0.4830834559725288 0.029394473838918356 0.019436122499036423
5 0.45344744418818494 0.45922682641432644 0.04164217127180081 0.026974375932709238
4 0.607061376346628 0.43795529031839137 0.23510047085407287 0.11404773690774173
4 0.5760747487946842 0.49897430723701913 0.24768224929645427 0.0966841538875437
6 0.5453787413723374 0.48712835717782554 0.09512244484922072 0.05765352589123124
5 0.834378700184647 0.5150986940159477 0.060134469367646215 0.029168063939190803
4 0.7736433254469528 0.5185527131614628 0.12561379467854283 0.050941389745346566
5 0.5829432912766246 0.5424154838217339 0.05539727761949986 0.02806077024827036
4 0.5638651471984806 0.5434886294261294 0.1124903902681681 0.05087505087505084
6 0.7506675337215374 0.5188242662055511 0.05887105514666047 0.04918750554225415
