5 0.4660017942069873 0.4310770411998074 0.040298875424323366 0.028890737896114238
4 0.5952380952380952 0.4703471300801022 0.25813444286096493 0.09866885350631488
6 0.553936801260374 0.4562153142532631 0.10526272413467042 0.05921899625565913
6 0.70909639575995 0.5460424910705022 0.10887894252351149 0.06175618395506366
5 0.7726135721778423 0.4568436170764602 0.050143514195801764 0.02342372134038806
4 0.7130956719135013 0.5314492482915448 0.15347898584332687 0.14603468909428213
5 0.41132771017828484 0.481459991158267 0.03999831586038477 0.02756462885773231
4 0.5403866036049945 0.5111626878868258 0.2534396212557132 0.08381226053639845
6 0.5088167842280706 0.501795193878147 0.09043541749634931 0.05593691329578471
5 0.595896180473295 0.5950530087656953 0.06734405573543223 0.0364003395719813
4 0.5652952170365104 0.5910428018636974 0.20137408197109685 0.10068704098554848
