4 0.5581766882221306 0.4635679966473871 0.3763176243796399 0.17672572905131045
5 0.49324839288933736 0.5078624104488477 0.05238771208573756 0.0291224213262542
5 0.37331761469692504 0.38251678876678874 0.04491038973797601 0.028090922487474246
5 0.6228392722645596 0.5514570439139406 0.056021033032527257 0.029143509746958007
4 0.6025622996830085 0.5516911221853082 0.11645485067411976 0.055947766703580704
4 0.47887634448667316 0.5110960904314779 0.09796432918498654 0.052310390118488814
5 0.563877089698686 0.6362393108651911 0.0434707007476961 0.026460848423876637
4 0.4492394111999499 0.5863160977119601 0.235174952098945 0.11303318575202437
6 0.48449462929540676 0.6025773404599934 0.09589625721792877 0.060087810634457894
6 0.5702363709812499 0.5518006783719074 0.02413959583419545 0.044476589518488985
