5 0.505563649686033 0.4838106740280654 0.044730721059223544 0.0059907215704316785
5 0.2771174671335702 0.5291903899240856 0.04430471419199278 0.02617945326278659
6 0.36550098278493337 0.4097272326438993 0.09857540721738256 0.04317313345091128
5 0.344686272600383 0.3467277120459636 0.04963698726479909 0.019095700652449143
4 0.41230279529366287 0.5301339285714286 0.22785750525476556 0.04832912046096971
4 0.37347794112861765 0.4279417794177942 0.12479093044898704 0.1533854624260529
4 0.49278804491839456 0.4138826499009932 0.12977388102105025 0.15876307406544327
5 0.18542806325292202 0.4596700968523003 0.06034585836845724 0.031107075598600986
4 0.2352180671389711 0.44884567527576 0.15469464622006993 0.06957055421038472
6 0.2476829658037712 0.4484260147011825 0.06924470011718334 0.055928411633109576
