4 0.55770887166236 0.4639627168696937 0.37631762437963995 0.1767257290513105
4 0.6019967494601162 0.5525291233821674 0.11566086445313495 0.054096215780998325
5 0.37403603333146385 0.38245662309515255 0.044070603831442734 0.028344671201814053
5 0.6238229755178908 0.5525709577616358 0.05380683346785042 0.028795063223029382
5 0.5330160092064854 0.5060864435864436 0.05073100311195544 0.029110743396457694
4 0.5176094461808748 0.5087676962676962 0.11014415776320546 0.05534871606300168
5 0.37668864199476443 0.4853839288059405 0.049271817979300914 0.025125995424829295
6 0.47144708223425424 0.5672549632097736 0.11479270468580483 0.06623397658383079
4 0.4598778286824934 0.5548180156416308 0.18755045480021182 0.14013258364570325
6 0.5693622395599798 0.5525709577616358 0.022606343227812187 0.043718052192628476
