4 0.6205334842136384 0.4689363703092027 0.2506601013344752 0.10623107624552708
6 0.5826987185368688 0.45435033358237326 0.09882142157274432 0.05779163517258756
4 0.5574929186040297 0.5167410714285714 0.24009940676607355 0.10590277777777785
6 0.5278214180375728 0.5030997751774202 0.09375131673197662 0.05595170377593589
5 0.7742750884572831 0.4961472813763186 0.0505274573597555 0.024108375234151547
6 0.6876663708961845 0.5784854702750665 0.11447413103727799 0.06554705215419498
4 0.696635336904488 0.5658536059351276 0.18335031274989855 0.14164633244602187
5 0.4983756061964906 0.4232228632604425 0.04352497925762716 0.02728812176112949
5 0.4407573550085628 0.47167946284794116 0.04313319530710835 0.027617226439690168
5 0.3707957989301739 0.5191990387270702 0.043971896326968796 0.02796918133195303
4 0.4886081416693661 0.5640734184830394 0.24475398625058487 0.10542482299042066
6 0.45492875910757347 0.5491780045351473 0.10180943125549552 0.05784626775880419
