5 0.7022553932046205 0.4830834559725288 0.029394473838918356 0.019436122499036423
5 0.45344744418818494 0.45922682641432644 0.04164217127180081 0.026974375932709238
4 0.607061376346628 0.43795529031839137 0.23510047085407287 0.11404773690774173
4 0.5760747487946842 0.4996729434990357 0.24768224929645427 0.09668415388754376
6 0.5453787413723374 0.48712835717782554 0.09512244484922072 0.05765352589123124
5 0.834378700184647 0.5150986940159477 0.060134469367646215 0.029168063939190803
4 0.7736433254469528 0.5185527131614628 0.12561379467854283 0.050941389745346566
5 0.6048148662337194 0.5503710838076727 0.05501822800170719 0.030441598408070702
4 0.5781413094338264 0.5650495742514694 0.13973087345293378 0.052278564487019286
6 0.7507906949247731 0.5190321007360114 0.05813208792724622 0.04877183648133371
