5 0.4858671700005933 0.42778281368545057 0.0442944312676114 0.02770935960591131
4 0.6042112904426986 0.47720257856633164 0.2454576913183436 0.11181496419427289
5 0.7450556557396193 0.570415114968934 0.056021033032527257 0.029143509746958007
6 0.5681335130835048 0.46166705635361205 0.1052627241346703 0.05921899625565913
4 0.6947506368802665 0.5681285824514991 0.11868018812463266 0.05063657407407418
5 0.4141851766650479 0.4771909266927383 0.040683655820531794 0.02689833985123835
4 0.5351178761001627 0.5180776014109347 0.24697748127699815 0.09836764818648874
6 0.5054545713147863 0.5059990506059054 0.09043541749634931 0.05593691329578432
4 0.5062886015266967 0.5938495893853037 0.10384534194058015 0.058891799963228464
5 0.5177203408256393 0.5986672124121822 0.05238183474266639 0.029913230994719875
6 0.6750798417465085 0.5664146289146289 0.05566791281076999 0.047496476067904636
