5 0.4475014244553619 0.4658918318583104 0.04341163295747713 0.026969335291957386
5 0.7022553932046205 0.4830834559725288 0.029394473838918356 0.019436122499036423
5 0.8136857095190428 0.538135792042042 0.058242766576099836 0.02924241205491207
4 0.7535809619142952 0.5391831563706564 0.12125220458553787 0.049268018018018056
4 0.6065589398922733 0.43825912966537967 0.23356690023356697 0.11319913663663661
4 0.5672275787218316 0.5088930466085639 0.24349851936058836 0.10150888383647005
6 0.5370514933356463 0.4963163544106166 0.09512244484922078 0.05765352589123074
5 0.41417546431053043 0.591454649065322 0.01387547857709781 0.026273174293353962
4 0.532378484273528 0.5979857929566383 0.2857605627284927 0.061606275163126445
6 0.7327918126040192 0.5397838419405321 0.05558039595598274 0.04628465235859591
