4 0.4967956825235013 0.4878220295097978 0.09873819397628913 0.05429536679536673
4 0.6021962708044619 0.5342385915001836 0.12202846709888959 0.058772775542141664
5 0.4858671700005933 0.42778281368545057 0.0442944312676114 0.02770935960591131
4 0.6042112904426986 0.47720257856633164 0.2454576913183436 0.11181496419427289
6 0.5703166935050993 0.46155690537084393 0.09686644384001597 0.05930814354727393
5 0.515787888276411 0.4815150336708409 0.05233311831374782 0.029199198766390044
5 0.6233955750309479 0.533274341362352 0.05602103303252737 0.029143509746958007
5 0.47558922558922556 0.5694218975468975 0.05357810913366473 0.0299873737373737
4 0.46750574528352307 0.5684448653198653 0.10207899096787987 0.05599146224146212
6 0.5784217218325746 0.5347914359542267 0.04983388704318936 0.05283314876338141
