4 0.6205334842136384 0.4689363703092027 0.2506601013344752 0.10623107624552708
6 0.5826987185368688 0.45435033358237326 0.09882142157274432 0.05779163517258756
4 0.5574929186040297 0.5167410714285714 0.24009940676607355 0.10590277777777785
6 0.5278214180375728 0.5030997751774202 0.09375131673197662 0.05595170377593589
5 0.7742750884572831 0.4961472813763186 0.0505274573597555 0.024108375234151547
6 0.6876663708961845 0.5784854702750665 0.11447413103727799 0.06554705215419498
4 0.696635336904488 0.5658536059351276 0.18335031274989855 0.14164633244602187
5 0.4984381751733937 0.42349168062134 0.04352497925762716 0.027288121761129436
5 0.4411695937331469 0.4712935073233916 0.04341163295747685 0.026969335291957386
5 0.5717235329249626 0.5807028723515233 0.05465175936754396 0.030285217396078812
4 0.5484560428063252 0.5760273742265267 0.1185244970555705 0.05540422383642729
