5 0.27948417840012985 0.5300630396176121 0.04430471419199272 0.02617945326278659
4 0.41553790137943314 0.5304231599102227 0.2278575052547656 0.04832912046096982
5 0.5098982443034411 0.4841280884589678 0.044730721059223544 0.0059907215704316785
4 0.4985427604475224 0.4143492982778697 0.12750846084179412 0.15723631795060372
5 0.36101905149524194 0.33566631780917494 0.04680504680504677 0.01798796441653583
4 0.3893152702676512 0.42353479853479853 0.1270422698994127 0.1659253444967731
6 0.37917539176350856 0.39903581019517576 0.10669927588356592 0.055073011077542755
5 0.20038327766446945 0.4690132570719163 0.061826924024316915 0.03214507404451544
4 0.25284995024287393 0.45668174159794267 0.164297045116412 0.07592888179480362
6 0.2750189668252983 0.45335638911057907 0.0943414816785394 0.06401303538175046
