5 0.27866003427380504 0.5299857761057691 0.04430471419199272 0.02617945326278648
4 0.41448809874232884 0.5304231599102227 0.22785750525476556 0.04832912046096982
4 0.49510866127409864 0.4138826499009932 0.12977388102105014 0.15876307406544327
5 0.3601618705031181 0.3466332768150512 0.048276426452672105 0.020186968504404657
6 0.3818404915676565 0.4090937976614133 0.09775493168138483 0.04307179574083492
4 0.3922169411811596 0.426741435745673 0.1285385466176427 0.1532934265985113
5 0.5080256233832012 0.4839365704103069 0.0447307210592236 0.005990721570431734
5 0.31986883637038804 0.5022802481082351 0.046673112540065675 0.018610071445622822
6 0.2941905115818159 0.4430276848755109 0.10646894704865717 0.05258931889366669
4 0.27728217327700533 0.4170608004183585 0.14543428626115965 0.16467100406053892
