5 0.7450556557396193 0.570415114968934 0.056021033032527257 0.029143509746958007
6 0.5681335130835048 0.46166705635361205 0.1052627241346703 0.05921899625565913
4 0.6947506368802665 0.5681285824514991 0.11868018812463266 0.05063657407407418
5 0.4122200864919725 0.4789180567276678 0.040683655820531794 0.02689833985123835
6 0.5058686857931312 0.5044994197458097 0.09043541749634937 0.05593691329578465
4 0.6069010638903112 0.47615047363031227 0.24606019229675147 0.10904697900665633
5 0.48358650509188145 0.4286274321556579 0.04380724810832348 0.026481694828469016
4 0.5378820258114594 0.5161355396383251 0.24968927011638242 0.09146880664986518
5 0.6256924659702437 0.6303736772486772 0.039428164428164436 0.027345339845339822
4 0.4968462480777751 0.59090087184299 0.25912025091007024 0.10470423801704598
6 0.6747303622303622 0.5667003713878713 0.05412540134762356 0.04721840659340659
