4 0.5586858052584326 0.463781245087321 0.37404017038693166 0.1763633051091778
4 0.5146884412757429 0.5095031787740121 0.10875955320399766 0.053185626102292716
4 0.6022018271845738 0.5540287542422634 0.11566086445313495 0.054096215780998325
5 0.5305567635310413 0.5066782497819284 0.05238771208573756 0.02912242132625409
5 0.6235643390123795 0.553778050828251 0.05294918846914798 0.029211646953351766
5 0.37403603333146385 0.38245662309515255 0.044070603831442734 0.028344671201814053
5 0.39764407580499533 0.5046498042187697 0.048886830496025935 0.02144646541198275
4 0.46132560500376596 0.5816531409203823 0.16104585070102312 0.1524277925139994
6 0.4385780247849213 0.5588251547303271 0.10829953358688982 0.0537477369373921
6 0.5680689072707852 0.5525339537223339 0.023908885411232705 0.04576067516208371
