5 0.4858671700005933 0.42778281368545057 0.0442944312676114 0.02770935960591131
4 0.6042112904426986 0.47720257856633164 0.2454576913183436 0.11181496419427289
5 0.7450556557396193 0.570415114968934 0.056021033032527257 0.029143509746958007
6 0.5681335130835048 0.46166705635361205 0.1052627241346703 0.05921899625565913
4 0.6947506368802665 0.5681285824514991 0.11868018812463266 0.05063657407407418
4 0.4962567037396969 0.5869226942477671 0.10322345113404391 0.05697857374242221
5 0.4183609314782154 0.4731821355085244 0.04572473708276176 0.02698320840681956
6 0.4990999836360661 0.5084645004909181 0.10136547937235219 0.05797690639829811
4 0.5296618818995362 0.522526960243974 0.23403308511333198 0.11350170855379188
6 0.6760318445607086 0.5666262082114037 0.056900475894889224 0.046139265762170756
4 0.5096410589892899 0.5914970736898111 0.05320563979781867 0.029928172386272878
