5 0.45184787032613116 0.4617026073094913 0.041642171271800754 0.026974375932709238
4 0.6077325726314284 0.43795529031839137 0.23396315600892953 0.11404773690774173
4 0.5792505490573123 0.4974268929205523 0.2479114194090039 0.09037464313732424
4 0.7719474904177845 0.518632205428455 0.12561379467854283 0.05094138974534651
5 0.834378700184647 0.5150986940159477 0.060134469367646215 0.029168063939190803
6 0.546513559798584 0.48611710183268153 0.08871593010079326 0.05589343225212784
5 0.7035408658214828 0.4824326854602423 0.029394473838918356 0.019436122499036423
5 0.6643151087595531 0.5796682098765432 0.0659742635051277 0.03591637272192827
4 0.6182220721227814 0.576439019756839 0.2092010957259185 0.098019039175954
6 0.7499846785561071 0.5187266347980634 0.05566791281076988 0.049603174603174593
