5 0.505563649686033 0.4838106740280654 0.044730721059223544 0.0059907215704316785
5 0.2771174671335702 0.5291903899240856 0.04430471419199278 0.02617945326278659
6 0.36550098278493337 0.4097272326438993 0.09857540721738256 0.04317313345091128
5 0.344686272600383 0.3467277120459636 0.04963698726479909 0.019095700652449143
4 0.41230279529366287 0.5301339285714286 0.22785750525476556 0.04832912046096971
4 0.37347794112861765 0.4279417794177942 0.12479093044898704 0.1533854624260529
4 0.49278804491839456 0.4138826499009932 0.12977388102105025 0.15876307406544327
5 0.18676876071242268 0.44638490666219544 0.06179049606279652 0.031001984126984128
4 0.24110713664704278 0.4369096523585961 0.12668604217899998 0.05973340040241448
6 0.26178171527008737 0.43322028423772607 0.07075181493786145 0.04856496862310816
