5 0.7022553932046205 0.4830834559725288 0.029394473838918356 0.019436122499036423
5 0.4521694235864929 0.46138348617968183 0.04164217127180081 0.026974375932709238
4 0.607061376346628 0.43795529031839137 0.23510047085407287 0.11404773690774173
5 0.834378700184647 0.5150986940159477 0.060134469367646215 0.029168063939190803
4 0.7719474904177845 0.518632205428455 0.12561379467854283 0.05094138974534651
4 0.5792505490573123 0.4974268929205523 0.2479114194090039 0.09037464313732424
6 0.546513559798584 0.48611710183268153 0.08871593010079326 0.05589343225212784
4 0.475017999986789 0.5271033975387908 0.04871556057573534 0.029446079305629924
4 0.6020115314112224 0.5531841881465763 0.2320125804541472 0.07983488153931884
6 0.750008998308318 0.5188719833171364 0.05758917323543167 0.048970481049562586
