5 0.27866003427380504 0.5299857761057691 0.04430471419199272 0.02617945326278648
4 0.41448809874232884 0.5304231599102227 0.22785750525476556 0.04832912046096982
4 0.49510866127409864 0.4138826499009932 0.12977388102105014 0.15876307406544327
5 0.3601618705031181 0.3466332768150512 0.048276426452672105 0.020186968504404657
6 0.3818404915676565 0.4090937976614133 0.09775493168138483 0.04307179574083492
4 0.3922169411811596 0.426741435745673 0.1285385466176427 0.1532934265985113
5 0.5080256233832012 0.4839365704103069 0.0447307210592236 0.005990721570431734
5 0.1948569152870228 0.46514976958525345 0.06258178301189052 0.032802099334357404
4 0.24903961319029136 0.4511909677252024 0.165890065039689 0.07776968314207405
6 0.2711964415395788 0.4477051237161531 0.09564010789500987 0.06309815592903828
