3 0.5643345301083396 0.3400376354245402 0.10393046107331816 0.1600292894935752
0 0.5700428319475939 0.3302941546989166 0.0673185941043084 0.09172650541698157
2 0.5237800565770863 0.43144939493949397 0.03781628162816286 0.03192283514065697
3 0.576553720903566 0.41940021622684165 0.04965436466984452 0.048221042803086145
0 0.5768096712369157 0.41919545596016183 0.04586629973626877 0.04351155666945139
2 0.5638585843694204 0.43660007862794237 0.033478303602142545 0.03061165986862585
3 0.6101514679946052 0.38504599370612447 0.04510034466461488 0.041137854318682165
3 0.689342754863201 0.3045647213862827 0.1365777620424461 0.1009274011132747
0 0.6658012234220413 0.33499046045514447 0.05925335850986402 0.03565036092917134
0 0.7235793945831122 0.2883991266890895 0.023111268464428236 0.026553372278279308
