3 0.5645035792094616 0.33905228758169936 0.10387488328664807 0.1583411142234672
0 0.5699502023031435 0.33010426392779335 0.06769374416433238 0.09142545907251787
2 0.5230089111668059 0.43069747017115434 0.037352997879313565 0.031328320802005094
3 0.576026069447122 0.4184472934472935 0.04806353490564019 0.04993787888524731
0 0.576896300580511 0.41851423430370793 0.04177109440267335 0.046323072638862095
2 0.5585034886420568 0.43256717621613694 0.031312242628639964 0.034519838214988274
3 0.6077995587712902 0.3822190438798213 0.04475386542524351 0.03996298165909479
2 0.6558788556793875 0.3142413880445795 0.03368442530676574 0.0332446808510638
3 0.6304616261398176 0.32866500619160194 0.059013705955195395 0.05312113024878984
0 0.6244811015422718 0.33165526849037485 0.041423927727119225 0.0450298322638748
