5 0.7283834586466165 0.46238280887403693 0.04583217302515552 0.03829016986911721
0 0.6410702682632506 0.3814513134688573 0.03016801262415303 0.041190940313747315
0 0.6686275874872365 0.4258331012716977 0.06439710387078812 0.011603081778520319
3 0.6718184349763298 0.3927643182029147 0.09862619511742321 0.07658033973823447
2 0.5714517775921284 0.4765965840527243 0.04409171075837737 0.05511463844797165
3 0.559848695813608 0.4908103592314118 0.06033602524830595 0.04293140258052541
0 0.6604467629748528 0.47280928601153316 0.06353665061530234 0.055362344688187404
3 0.673451340586172 0.4715088282504013 0.09251828072052792 0.058706378931098036
2 0.7099005060961583 0.380051376428188 0.043372824169925495 0.040257648953301084
0 0.5485104669887277 0.49183824093244377 0.03402729852005215 0.04049727781611834
