3 0.6557683459857372 0.506383712905452 0.07332643202208411 0.24442144007361388
0 0.6731654014262709 0.4544801012192316 0.036231884057971064 0.07735219691741424
0 0.623418449505406 0.4626754083275822 0.006326201978375967 0.06038647342995174
3 0.7234982538514547 0.43186516696450467 0.04701169160330321 0.0394197414064964
3 0.7427395184515437 0.4860901815015739 0.07712561114459837 0.06781193490054244
3 0.7232226575581006 0.5465244290402518 0.1006714218739535 0.060381923514834956
0 0.7286643560377737 0.5350654678186324 0.06027727546714878 0.03788259326234
0 0.7292399203000469 0.5670354463867122 0.0547309289397897 0.01915059272654207
2 0.7698956868260665 0.5458965407541356 0.02239468220480878 0.059754035228718805
0 0.6433561448531508 0.58622833697684 0.021781833159078667 0.04455374964357006
