3 0.6162854030501088 0.46405228758169925 0.04960317460317454 0.04279489573607215
0 0.6076388888888888 0.4634492685963274 0.021883753501400593 0.04279489573607215
5 0.5646008403361344 0.5227785558667911 0.03404139433551201 0.03987706193588547
0 0.5830804544039838 0.5169428882664177 0.02626050420168069 0.03695922813569874
0 0.6934718331777154 0.4554252256458138 0.03890445066915649 0.016048085901027076
0 0.7080610021786491 0.4967612044817927 0.07489106753812635 0.03647292250233425
3 0.6647798008092125 0.48654878618113917 0.1886865857454093 0.09288437597261129
2 0.7666608309990662 0.5745701058201058 0.043281201369436584 0.03939075630252109
0 0.7063589324618736 0.5597377840024897 0.07440476190476186 0.05252100840336127
3 0.7214344070961718 0.5711659663865545 0.10066526610644255 0.072459539371304
