0 0.567978692978693 0.48687079937079936 0.05898755898755903 0.09160946660946662
0 0.5711068211068211 0.3532550407550408 0.029493779493779515 0.04424066924066927
0 0.6466287716287716 0.4991598741598742 0.010725010725010753 0.08043758043758037
5 0.6202572403230298 0.6396198830409356 0.032198551935394115 0.030893205235310472
0 0.6044539856015265 0.5000975800156129 0.01734755833116497 0.0543918235175066
3 0.5654254073404932 0.4365818707790252 0.06942353374151022 0.24566341893577665
3 0.6252449539486576 0.5364491475602586 0.0538898687046836 0.1880021555947482
3 0.5842151675485008 0.6113131981187536 0.09247011561826379 0.07440476190476197
2 0.6122317754262199 0.6200396825396826 0.04256074857926706 0.0404174015285127
0 0.5736515285126396 0.5950849990201842 0.06583137370174419 0.04072359396433467
