3 0.6189895768417708 0.4172929115192395 0.0701088749587595 0.05834769114214844
0 0.6118488580959712 0.4196986082090008 0.05414726835050154 0.05307806982171881
3 0.6190659481652554 0.41744565416620844 0.07010887495875939 0.0585004337891174
0 0.6123070860368782 0.4203095787968767 0.054300010997470616 0.053230812468687716
2 0.5850425235529162 0.42844312474797464 0.0066443051431503974 0.01771814704840108
3 0.6112199235592553 0.5068704859835965 0.09198052257178213 0.06520245916132805
0 0.6153854000897703 0.4867231811319215 0.05134587396798196 0.023037635505501863
0 0.6101998068579045 0.51847431346146 0.0586567103276614 0.04165476530515089
2 0.5642095455720134 0.502024931652181 0.024312781382190174 0.061121992355925414
3 0.589202404755104 0.5655697011738143 0.045905251560778515 0.04012459025312498
2 0.5765359557133336 0.5637844969464507 0.022442567429713955 0.03604412344772234
0 0.5807864419689612 0.5651446525482515 0.027543150936467198 0.03944451245222458
