5 0.6725606909430438 0.5159702769996887 0.0427948957360722 0.03890445066915649
2 0.5711659663865545 0.47706582633053224 0.04230859010270771 0.056411453470276984
2 0.6321973233737939 0.442781279178338 0.028205726735138437 0.02674680983504507
0 0.5942654839713664 0.451291627762216 0.0340413943355119 0.049603174603174593
0 0.549282212885154 0.49189814814814814 0.035500311235605375 0.04425381263616557
3 0.620885930925301 0.5184247802358039 0.08410407032454281 0.05468066491688539
3 0.5604768153980753 0.49199579219264256 0.059107194933966656 0.044004916052160115
3 0.6085176852893388 0.4491626046744157 0.06405449318835155 0.052597591967670665
0 0.6102101820605759 0.500718660167479 0.049212598425196874 0.017706120068324782
0 0.6117724867724867 0.5374328208973879 0.049212598425196874 0.016143815356413738
