0 0.6136475208640157 0.5671125838651612 0.02659139257077403 0.034432444226258685
5 0.5955790105274641 0.5766582119674903 0.034091528936889826 0.03647793596247206
3 0.5812605683739704 0.46432662412043857 0.09545628102329129 0.10772923144057173
2 0.5439303441880762 0.4067119402170949 0.03715976654120978 0.039546173566792076
3 0.655921016745759 0.44847406316478483 0.08113783886979753 0.0630693285332461
0 0.6404093710794743 0.4505195549009982 0.036477935962472174 0.05897834506081934
0 0.734599395313681 0.5317250356932897 0.0761106911900562 0.05144032921810693
3 0.6933946418073402 0.5293629797598052 0.18371546149323925 0.107604770303183
0 0.5804322991822991 0.4759650072150072 0.06418350168350173 0.06508537758537758
0 0.5985449735449735 0.46033249158249157 0.045995670995671034 0.054262866762866735
