3 0.626253950498917 0.4322800149142431 0.06602659706686542 0.054707751855402886
2 0.6521652285075104 0.4258438088136075 0.02907389652356096 0.02940680373566279
0 0.6147131671460531 0.4339445509747523 0.040503710805724236 0.051600617875785626
3 0.6124298173227837 0.5068018542789184 0.09000372150219249 0.06563192725272232
0 0.6155647784088151 0.4867785544391049 0.05157516625406533 0.02336051647978249
0 0.6104578256718929 0.5182292930763879 0.05855298286490951 0.042574794103846125
2 0.5643941232626248 0.5022005404268401 0.024270666472501312 0.06128343284306581
3 0.5889681730660323 0.5655065288092811 0.0467210329595652 0.03964208857175211
2 0.5769339676067504 0.5628772066080935 0.02265262204100127 0.03438344416937689
0 0.5809790786855007 0.5654054010323124 0.029529310874876646 0.03943983301781462
