2 0.7096009700176367 0.3806354717813052 0.044091710758377256 0.040647045855379205
0 0.6410521384479718 0.38235780423280424 0.03237985008818334 0.04133597883597884
0 0.6692983906525574 0.42369378306878314 0.06407076719576721 0.015156525573192192
3 0.6710207231040565 0.3937251984126984 0.10058421516754845 0.07784942680776019
3 0.6024718915343915 0.46812996031746035 0.09300595238095233 0.09989528218694876
2 0.6296847442680776 0.5008542768959436 0.053736772486772555 0.04409171075837742
2 0.5714699074074074 0.47570822310405647 0.044780643738977055 0.057181437389770606
3 0.5583801807760141 0.4915536816578484 0.0558035714285714 0.043402777777777735
0 0.6054544672430852 0.46363509270013337 0.07151460403492926 0.06801952940164324
0 0.5477547144213811 0.4921313254646588 0.033238366571699984 0.042395875729209
