3 0.6934682442062516 0.42275571565239467 0.10103672465296076 0.07650969366836519
2 0.734834729299674 0.4125666256662567 0.043929010718678496 0.03978015970635901
0 0.6801675159608739 0.43202961791522676 0.07175071750717499 0.05796188914270095
3 0.6190939885589333 0.4175696518869951 0.07040844217965991 0.058327964232023244
0 0.6057322477986684 0.4194610398484937 0.040756359944551845 0.05454518830902594
2 0.583523692379781 0.42605039145629553 0.003416700833674957 0.011592377828540168
3 0.611955524317148 0.5065258985923192 0.09103067221148398 0.06540541595892146
0 0.6149451375466136 0.48651379370936565 0.05234873777309201 0.023428805716628642
0 0.6105522364747457 0.5182403014506336 0.058205939202249146 0.04148851012319654
2 0.5643657627052461 0.5021940100353385 0.024405005954821424 0.06113453991682771
