2 0.632440476190476 0.46169108669108666 0.06422975172975176 0.06232193732193725
2 0.571390415140415 0.4766356328856329 0.043879731379731335 0.056598494098494156
2 0.7109788359788359 0.38124491249491244 0.041971916971917045 0.04133597883597884
0 0.641025641025641 0.38188085063085064 0.033068783068783025 0.04133597883597884
0 0.6686889499389499 0.4267144892144892 0.059142246642246654 0.01399063899063896
3 0.6715506715506716 0.39364570614570615 0.097934472934473 0.07631257631257632
3 0.6120904558404558 0.46296296296296297 0.06295787545787546 0.06232193732193736
0 0.6000076312576312 0.46264499389499386 0.03624847374847373 0.06168599918599915
0 0.5500864875864876 0.49094424094424094 0.03815628815628824 0.04324379324379324
3 0.5573997761497762 0.49126221001221 0.05787037037037035 0.043879731379731335
