0 0.5666208791208791 0.35071988196988196 0.03179690679690683 0.04515160765160764
0 0.5586716524216524 0.48649267399267393 0.06041412291412285 0.09030321530321528
2 0.6064651512182375 0.5678849043046574 0.03143575674439869 0.013064210595074788
2 0.612997256515775 0.6205500032660526 0.04205042785289703 0.0408256581096087
0 0.5725798549872623 0.5944215820759031 0.0632797700698936 0.043275197596185255
3 0.5836027826768567 0.6101394604481024 0.09022470442223529 0.07389444117839172
3 0.55978290514373 0.4365420280368734 0.07091038018873064 0.24579992363497516
3 0.6090530144806461 0.5035374895572264 0.039813074352547995 0.11465295182400437
0 0.6017648287385129 0.49331227373990527 0.024801587301587324 0.06722535505430244
0 0.623955722639933 0.49472639933166246 0.009572542467279344 0.06613756613756616
