3 0.6683201058201058 0.4584043168924489 0.0992063492063493 0.07780890133831309
2 0.7063376032674277 0.45106980413997955 0.042351248491599325 0.04003063213589525
0 0.6431008075744917 0.4777568922305764 0.04351155666945139 0.03654970760233911
0 0.6552840434419381 0.4319247192054209 0.05743525480367584 0.023786317645966726
2 0.6039404065719854 0.46151257774064786 0.0278473962684489 0.02726724217952292
0 0.5271425090504038 0.4754725355054302 0.047427596769701874 0.02153822055137844
0 0.5130012531328321 0.4466461292119187 0.013053467000835317 0.01914508493455863
0 0.5734823169033696 0.4670965608465608 0.04090086326928433 0.04916805903648008
3 0.5303013508320771 0.46194688303626846 0.05375986521237919 0.050434512725015535
3 0.583414619727469 0.4666577990600337 0.06244273004049539 0.054314090626939815
