2 0.559934934934935 0.4560363935363935 0.06166881166881166 0.02904690404690402
2 0.5150239525239525 0.49111611611611605 0.060328185328185346 0.05720005720005722
2 0.45045045045045046 0.4515676390676391 0.04200629200629191 0.046921921921921905
3 0.4969254969254969 0.49245674245674254 0.046475046475046466 0.0670313170313171
3 0.5760224510224511 0.4991598741598742 0.07775632775632779 0.09473759473759474
3 0.5168114543114544 0.42542542542542544 0.11037823537823532 0.08311883311883317
0 0.6006975641409603 0.48948038334830785 0.025893481082160275 0.05053908355795145
0 0.5727762803234502 0.5005553059798343 0.057402415892981895 0.06145802136368178
0 0.5152178796046721 0.4080563042827194 0.05958620345412796 0.04055605470699808
0 0.5287885594489368 0.4291142557651991 0.064889687531197 0.05709044624138965
