2 0.590016708437761 0.5143065998329156 0.04061078622482128 0.05395433027011981
3 0.5749327021256845 0.5041539032767102 0.0614963334261579 0.04525201893622943
0 0.5636196973916272 0.49545159194281996 0.033068783068783136 0.030168012624152973
0 0.5649770390336428 0.5220812119397025 0.02121393630827595 0.00904711989617657
2 0.694055399937753 0.45712729536258945 0.04357298474945537 0.03812636165577343
3 0.6555399937752878 0.4629629629629629 0.09803921568627438 0.06769374416433244
0 0.6306411453470278 0.4501244942421413 0.04123871770930598 0.04201680672268909
0 0.6543728602552131 0.494281045751634 0.06069094304388423 0.005835667600373462
5 0.5899859943977591 0.39585278555866793 0.08442265795206971 0.06030189853719259
0 0.570339246809835 0.4073295985060691 0.04123871770930587 0.03812636165577338
