2 0.7176669044646573 0.42171987396706495 0.038270614113310786 0.04607336068010226
2 0.6164169787765293 0.5084789846025801 0.029724748825872505 0.0293531894655491
0 0.5920798406753462 0.32399976220200943 0.08508709351405985 0.0854586528743832
0 0.5796326021045122 0.44438499494679273 0.04533024195945545 0.05201831044527677
0 0.552322989120742 0.46816479400749067 0.03678437667201706 0.03789905475298733
0 0.6409398965578741 0.3977542952262053 0.06762380357885966 0.028610070744902183
0 0.6381532013554485 0.42264877236787346 0.06725224421853637 0.0152339337732596
3 0.5765656358328772 0.3482199872286079 0.14453338806787097 0.16505883962780515
3 0.6419905126801679 0.40737319832147423 0.11288998357963875 0.04618226600985226
3 0.5720044243751141 0.45768906221492434 0.09264960773581465 0.09778097062579821
