0 0.5981559290382819 0.33044467787114845 0.08072673513849982 0.08704870837223777
0 0.5796763149704326 0.4454559601618425 0.04668534080298792 0.04863056333644572
0 0.5517137410519763 0.46952808901338305 0.03744553376906312 0.03841814503579205
2 0.698091736694678 0.39828431372549017 0.03939075630252098 0.0389044506691566
2 0.6168786959228135 0.508675692499222 0.027719421101774167 0.02917833800186742
0 0.6392487550575785 0.3897739651416122 0.05495253657018362 0.03550031123560532
0 0.6399782135076253 0.43524354186118885 0.04668534080298781 0.03306878306878308
3 0.5799837856289469 0.3513824884792627 0.14400921658986177 0.1647038743812937
3 0.571663253114866 0.4596560846560846 0.09323263355521405 0.1017665130568356
3 0.659242191500256 0.41079962450930196 0.1019798600443762 0.08256528417818737
