3 0.5155386124487248 0.42617858629094585 0.11332560489863858 0.08397241543308959
3 0.5718298555377207 0.4690936924082991 0.054990785327863945 0.04570180131977891
3 0.4988184412341716 0.4947312882706141 0.0501605136436597 0.06650912549788951
2 0.4518161821532608 0.4521877415135842 0.0401284109149278 0.04681647940074901
2 0.5121945782058142 0.49213037274835025 0.059821057012068246 0.06056417573271505
2 0.5861977084998667 0.46665048913250345 0.031403448669635736 0.0316413535837996
0 0.5578870237143618 0.45642057782345546 0.023790491416390558 0.01927029804727648
0 0.5651431235963609 0.48770507403600927 0.024028396330554647 0.008088767081572856
0 0.516610521106924 0.4094343572760839 0.06114156294012418 0.038540596094552904
0 0.5291005291005291 0.43013208480834375 0.06471013665258268 0.054718130257698616
