3 0.6639433551198256 0.4494631185807656 0.2441254279489573 0.07391845627139743
0 0.7080063610962488 0.42264877236787346 0.08062838119017901 0.015977052493906407
0 0.7184100231853041 0.4722519469710481 0.07468343142500444 0.022293561619404323
5 0.5915225016348612 0.40146988882943935 0.08397241543308964 0.06056417573271511
0 0.5707151774567505 0.41187355091849476 0.04087152963557461 0.03827061411331073
2 0.6048986386065038 0.5036487129183758 0.04012841091492769 0.05238986980560012
3 0.5894789251530825 0.49287349146899706 0.060564175732715 0.04570180131977891
0 0.5777748053028952 0.5110799001248438 0.02006420545746379 0.007802746566791474
0 0.5775890256227335 0.4858138636228524 0.03381190178942983 0.032325664348136274
0 0.582233517626776 0.4534881992747161 0.044587123238808646 0.018206408655846884
