3 0.7002538252538253 0.48497604747604744 0.07418132418132417 0.16176891176891173
3 0.6235373422873423 0.5516763329263329 0.04896723646723644 0.040064102564102644
3 0.6213115588115588 0.4477004477004477 0.05596255596255606 0.04578754578754585
2 0.6496108058608059 0.4416590354090354 0.03243284493284493 0.03370472120472118
0 0.720199938949939 0.4696403133903134 0.02988909238909232 0.08839540089540093
0 0.6718686406186406 0.4728200040700041 0.01717032967032961 0.08203601953601958
2 0.6992139804639805 0.5771138583638583 0.03370472120472112 0.022257834757834827
0 0.6111365486365486 0.4426129426129426 0.029253154253154223 0.03306878306878308
0 0.6268747656542932 0.46517622797150354 0.036193392492605114 0.007551139440903243
0 0.6100799900012499 0.5514935633045869 0.0171853518310211 0.03853684956047165
