2 0.5702130702130702 0.41872229372229375 0.02770627770627776 0.020556270556270517
2 0.5512208637208638 0.6030584155584156 0.03619691119691126 0.0254719004719004
0 0.5863005863005862 0.4962551837551838 0.04200629200629202 0.0942907192907193
0 0.5402724152724152 0.4935739310739311 0.02055627055627063 0.08177820677820674
0 0.5954615329615329 0.34364721864721864 0.028153153153153254 0.06256256256256254
0 0.5699896324896325 0.3398487773487774 0.01832189332189338 0.05496567996567997
3 0.6383956595821003 0.23876782351358625 0.12779122948614474 0.12330732669715722
0 0.6703944203944203 0.22074486360200646 0.0403696832268261 0.023191094619666064
0 0.6306689342403629 0.2808699237270666 0.04767058338486907 0.027485741771456018
0 0.5965264893836322 0.23749398749398748 0.030062530062530124 0.043805400948258105
3 0.5845526041104272 0.3612820789691538 0.052415145952560915 0.11967750062988158
3 0.5681258010450556 0.5058907621019422 0.07846133622531137 0.1569226724506227
