3 0.6216347650171179 0.53505291005291 0.24509803921568618 0.07197323373793962
0 0.6776669000933706 0.5500116713352007 0.07537737317149074 0.035986616868969756
0 0.6693997043261748 0.5050284002489884 0.07537737317149074 0.011185029567382487
0 0.5393632548804963 0.5343744298485678 0.044471811713191034 0.011117952928297758
2 0.6046455938697318 0.46196519795657737 0.030218025907680968 0.027082193030468882
0 0.5717193486590039 0.46752417442072614 0.0379150702426565 0.050173326035395094
0 0.5222587119138844 0.475933908045977 0.03820014595876653 0.021950830140485322
0 0.5134213647144681 0.44742633643495716 0.014253785805509955 0.01910007297938343
3 0.5299765233540068 0.46263446511790884 0.05518763796909498 0.04927467675812047
3 0.5833026735344615 0.46635744069518903 0.06066260205333063 0.05453064227898674
