2 0.6903108465608465 0.4539663087457204 0.021883753501400705 0.027719421101774
0 0.6178513071895424 0.45955882352941174 0.05592514783691249 0.02626050420168058
0 0.6178513071895424 0.43500038904450666 0.05495253657018362 0.00923980703392474
3 0.6317110177404295 0.4500758636788048 0.11768596327419856 0.04425381263616557
2 0.6059368191721133 0.4965180516651105 0.040849673202614456 0.04960317460317454
3 0.5911044973544973 0.4892234671646436 0.061760815437285954 0.041822284469343274
0 0.576138022258712 0.4812078087940157 0.02736726874657902 0.025086663017697464
0 0.5787037037037037 0.5048690932311624 0.02052545155993435 0.00912242291552634
5 0.5912539045069165 0.40120800662969336 0.08287116720851662 0.05737234652897305
0 0.5679463887295212 0.41116848345764007 0.03466245936125456 0.03665455472684387
