5 0.5548560236060236 0.6041412291412291 0.06168599918599926 0.07504070004069996
0 0.5453169515669516 0.6044591982091982 0.02988909238909243 0.07567663817663817
5 0.5268747456247456 0.6000076312576312 0.01717032967032972 0.043879731379731335
3 0.5698005698005697 0.4973036223036223 0.13100325600325602 0.2213064713064713
0 0.6022084759829858 0.521643842722274 0.05219680464778509 0.08040253138292353
0 0.5514705882352942 0.5425549849569458 0.035662413113393465 0.056087249714700804
0 0.5245076425631982 0.4131301440329218 0.030313051146384495 0.04179526748971196
5 0.49717996766607886 0.3942993092298648 0.04087669018224577 0.04179526748971191
3 0.4687040711346267 0.4119819223985891 0.07027116402116407 0.06981187536743089
0 0.4606665196942975 0.4119819223985891 0.0587889476778366 0.06613756613756616
