2 0.6160591808739957 0.5080753151740806 0.028577960676726133 0.0289862172578223
2 0.6334100855705793 0.40499052844731853 0.052665098961395374 0.03511006597426347
0 0.59891240446796 0.33048370239728264 0.0816513162192174 0.08614213861127445
0 0.6060709724502829 0.39554255610290096 0.024516511585477074 0.01795977011494254
0 0.6114874110563766 0.42119937055281886 0.03877029739098714 0.027082193030468882
0 0.5797014687100894 0.4441479656996899 0.04475688742930117 0.05074347746761543
0 0.5516215106732348 0.4683794015690568 0.03591954022988508 0.03820014595876664
3 0.5813075448902221 0.3517789442986293 0.14347164937716128 0.16560429946256716
3 0.5713067390698969 0.4593369999071753 0.09311473127262604 0.1006567344286643
3 0.62076487515084 0.4082834400816856 0.0649772579597141 0.05192379095887867
