2 0.5682056773326615 0.36789021164021163 0.033068783068783025 0.04763479465860421
5 0.6138720920466951 0.3726143235071806 0.06141345427059719 0.05314625850340132
5 0.7269883261946755 0.5464222726127489 0.02519526329050137 0.045666414714033765
4 0.7125535399344922 0.45922304106827916 0.2115352313765012 0.16967435122197028
6 0.720427059712774 0.4659155328798186 0.1957881918199379 0.14920319979843794
3 0.4427542621987066 0.3875740110859158 0.25562694213487863 0.09487591332829431
0 0.42700722264214325 0.3863929831191736 0.14224825732762236 0.09251385739480977
4 0.49183253548332906 0.5554768203577727 0.5353993449231544 0.1960506424792139
6 0.47529814394893755 0.556461010330058 0.20838582346518852 0.1932949105568154
5 0.5422230620643319 0.6607851473922903 0.13227513227513227 0.05944507432602675
