2 0.5227718482028827 0.3110888752052546 0.049603174603174593 0.0508860153256705
5 0.7266009852216749 0.35513307334428024 0.04561211457763181 0.04404419813902577
0 0.3836548987411057 0.36732006020799124 0.16705436964057657 0.12400793650793651
3 0.3981937602627258 0.3636853448275862 0.2713920817369093 0.1441057744937056
5 0.5871989600437877 0.5631670771756978 0.1225825579273856 0.09150930487137388
5 0.33405172413793105 0.649117405582923 0.06898832329866816 0.05558976464148879
4 0.5033866995073892 0.667932402846196 0.2890667761357416 0.1188765736179529
6 0.524482302499544 0.667932402846196 0.23547254150702435 0.1188765736179529
4 0.5207763181901114 0.47165777230432404 0.4948914431673053 0.2899220032840722
6 0.5028165480751687 0.4712301587301587 0.30275041050903123 0.24801587301587302
