5 0.5983875031494079 0.34879692617787855 0.06928697404887885 0.05590199042579991
4 0.7094041320231796 0.4338309397833207 0.22308306038464765 0.16691861929957164
6 0.7197971781305115 0.4368386243386243 0.2006172839506173 0.1474867724867725
2 0.5478395061728395 0.34937169312169314 0.03659611992945333 0.04794973544973541
0 0.40534311367644704 0.38079204745871414 0.1499786222008444 0.10271364438031105
3 0.42137646304312976 0.3806667869167869 0.26288012399123517 0.10797458714125385
5 0.5623363262252151 0.4189965127465128 0.13661749772860893 0.07841309924643258
5 0.7310267857142857 0.5194382440476191 0.026868386243386277 0.04557291666666663
6 0.47697126690182245 0.5506296847442681 0.2301036155202822 0.20151289682539691
4 0.4930463697824812 0.5492518187830688 0.539664168136391 0.2042686287477955
