5 0.6939195431258923 0.3606072058453011 0.04619131603258575 0.04724111866969005
2 0.8130721424372218 0.5044957797933989 0.07243638196019153 0.05787037037037035
5 0.5453724699756446 0.5763416477702192 0.12282690854119427 0.10393046107331827
5 0.2865961199294533 0.654486331569665 0.07873519778281682 0.060232426303854836
4 0.4627005123036869 0.6855867346938775 0.3007684555303603 0.13266880826404637
6 0.4860586209792559 0.6861772486772486 0.23620559334845054 0.13148778029730412
6 0.44642857142857145 0.4735922146636432 0.31861510036113205 0.2629755605946082
4 0.463487864281515 0.4739858906525573 0.5458973712941966 0.2952569916855631
3 0.7046800201562107 0.4980001259763165 0.1936885865457294 0.08897077349458304
0 0.6807970101620895 0.49701593600403127 0.12177710590408997 0.08778974552784075
