2 0.7742294448643655 0.5111882716049383 0.06928697404887885 0.05393361048122958
3 0.6781725035693289 0.5109914336104812 0.16271940875115465 0.08030990173847313
0 0.6563890988494163 0.5109914336104813 0.10025615184345338 0.07952254976064499
5 0.6936570924666163 0.3915107709750567 0.03621819098009571 0.04291068279163518
4 0.46768707482993205 0.4619787729906778 0.5291005291005292 0.23502456538170824
6 0.4522024859326448 0.46394715293524813 0.2787226001511716 0.22793839758125473
5 0.5246388678928362 0.5755542957923909 0.1254514151339548 0.0952695893172083
5 0.26507516586881663 0.599174855127236 0.07663559250860838 0.06062610229276888
4 0.42149575879734613 0.6613756613756614 0.2855463172923491 0.1566830435878056
6 0.440129755605946 0.659800957420005 0.2419795078525237 0.1574703955656337
