3 0.4050925925925926 0.4872478505291006 0.500624632569077 0.15673225308641975
5 0.273884195255163 0.615639400921659 0.15200972862263185 0.14560931899641594
5 0.5534887566137566 0.5288318452380953 0.05572089947089953 0.054191468253968256
5 0.6612929894179894 0.5510292658730158 0.07919973544973535 0.05543154761904756
1 0.4538228334812186 0.582375160209011 0.2171037497124454 0.14372596864832887
0 0.5565209175457622 0.42586328009464647 0.06305662361562991 0.015250665483584724
0 0.35804252256458136 0.5139946603641457 0.17628579209461565 0.07677550186741366
0 0.3283778789293495 0.42873920401493926 0.15099789915966388 0.022977941176470562
6 0.5109244249315171 0.7071970336597997 0.2324196029869789 0.18803472925813336
4 0.5076234973953826 0.7048421036492647 0.3407376323381403 0.3144658546174901
