5 0.7047484855455869 0.3709454796411318 0.03402729852005204 0.04385208189556017
2 0.5259853538839045 0.2994162640901771 0.03498581397132117 0.049603174603174593
5 0.5276875901875901 0.5492424242424241 0.1286676286676286 0.08477633477633473
5 0.2619348244348244 0.5803571428571428 0.07335257335257336 0.057720057720057616
6 0.43629749879749874 0.6335678210678211 0.23569023569023562 0.13888888888888884
3 0.3972162097162097 0.3285082972582972 0.26334776334776333 0.1086760461760462
0 0.37947931697931697 0.3271554834054834 0.1521164021164021 0.10506854256854253
4 0.4874037999037999 0.4446248196248196 0.5086580086580086 0.23538961038961032
6 0.470568783068783 0.4468795093795094 0.27537277537277544 0.22546897546897543
4 0.4152537277537277 0.6322150072150072 0.28499278499278496 0.1415945165945166
