6 0.42709792250233425 0.5400727999533146 0.1223058667911609 0.07422239729225022
6 0.6364524976657329 0.6417410714285714 0.11841542172424513 0.13203197945845013
6 0.6129535147392291 0.44453049076773565 0.14341053881870203 0.17841958211856168
6 0.5098534639550264 0.47423347594246035 0.10204819775132273 0.16954210069444448
6 0.612795517686822 0.46459823245537535 0.1429478331652244 0.2182176289319147
4 0.6128592542911793 0.4595280013413817 0.1429875549593861 0.23625549593859457
4 0.5353721948549536 0.6374649356869185 0.3785805509943441 0.1387606048166392
5 0.6367611147022911 0.3294346584787761 0.06479087361440306 0.03916630754866046
5 0.7334237113648878 0.6475907670760612 0.04234599822835117 0.0573466566113624
5 0.46610357364547306 0.5438336880375987 0.06872395140551574 0.05542254145606107
