6 0.4695767195767196 0.5454780870681606 0.28478057889822594 0.2623351423902895
5 0.3250284080820993 0.39632603600724403 0.09521146266112707 0.06491690635985936
5 0.4981401583750577 0.3545461808884628 0.10098185433755902 0.06991051454138708
5 0.4436079987550576 0.7201213818860878 0.14764239028944914 0.18353174603174605
6 0.4695767195767196 0.5450513538748833 0.28478057889822594 0.26318860877684414
6 0.4448444381079112 0.721919256724646 0.1459382821658271 0.1728685486170516
6 0.5703770317079668 0.42885334589471275 0.1953199345285676 0.1525565262076053
4 0.657212325377793 0.48996517072056633 0.37850671843477607 0.29012504282288454
4 0.34250992063492064 0.4151785714285714 0.08085317460317465 0.05505952380952378
6 0.5949261255865028 0.6525625187181792 0.13352301088150142 0.20356019766397127
