5 0.7281181442766809 0.4136118370112272 0.0318589495418764 0.04264663182346107
5 0.5387667887667886 0.5759691697191697 0.12922262922262923 0.08279914529914523
5 0.2729446479446479 0.5897054334554335 0.07682132682132678 0.05914224664224654
4 0.423026048026048 0.6519001831501832 0.26607651607651606 0.15376984126984128
6 0.43574481074481075 0.6538079975579976 0.23656898656898662 0.14842796092796096
2 0.5636955636955636 0.33272283272283276 0.030525030525030528 0.04884004884004883
3 0.437016687016687 0.3504655067155067 0.2553927553927554 0.0942460317460318
0 0.42175417175417174 0.3495115995115995 0.13939763939763944 0.09462759462759462
4 0.5118030118030117 0.4695131257631257 0.5067155067155064 0.21710927960927962
6 0.4933862433862434 0.4718915343915344 0.25485008818342153 0.21164021164021168
