5 0.5365983695065328 0.32090217039196633 0.07018680488068241 0.05871396177518623
6 0.6735976136486341 0.39252308066083574 0.20381168340352007 0.13919258179462257
4 0.659425278047727 0.3899923064463881 0.23215635460533424 0.15134029802397153
2 0.4873326314652845 0.32697602850664076 0.045891372421984655 0.05061548428895368
3 0.3624811035525321 0.37354227405247814 0.2605010258071483 0.13261256883705863
0 0.3476338948277724 0.37556689342403626 0.16331929597235723 0.11742792355037251
5 0.6995802289169636 0.4762917071590541 0.033068783068783025 0.0445416261742792
5 0.5487460857358817 0.6142189018464528 0.1295756397797213 0.07238014253320368
6 0.4576382140157651 0.5357649011985747 0.25915127955944284 0.2201773566569485
4 0.46809874743548213 0.5322218172983479 0.5297754022243818 0.22625121477162297
