5 0.7506868131868132 0.38251678876678874 0.030525030525030528 0.04769536019536014
2 0.8184142246642248 0.505570818070818 0.07058913308913317 0.0572344322344322
5 0.5398733211233211 0.5577972374847374 0.13799857549857547 0.09872939560439553
5 0.2667378917378917 0.5465888278388278 0.08394383394383395 0.06486568986568997
4 0.417773199023199 0.6329174297924298 0.2918956043956044 0.18505799755799757
6 0.4333536833536833 0.6341098137973138 0.253103378103378 0.1807654151404151
4 0.5064865689865692 0.4290197649572649 0.563441188441189 0.2236912393162393
6 0.48772639397639395 0.4328353937728938 0.26518620268620263 0.2227373321123321
3 0.7128484940984942 0.5050938644688645 0.18251424501424496 0.08585164835164832
0 0.684867216117216 0.5058092948717948 0.10492979242979239 0.08728250915750912
