0 0.6138922805589472 0.5425347222222221 0.3493420160086827 0.1807654151404151
2 0.5582704764947756 0.5856891529976477 0.22893772893772896 0.09350264638565697
2 0.4995647356758468 0.3668568121693122 0.10806237658089518 0.06629655067155066
3 0.6221830295904369 0.36498138349990206 0.13281947438326025 0.15922006662747407
5 0.6428680296993055 0.2944040270429159 0.029394473838918356 0.014391044483637039
3 0.6371963361210673 0.32242063492063494 0.04409171075837748 0.016801075268817245
6 0.35014005602240894 0.45390552054155 0.32485216308745724 0.12874941643323995
0 0.7461222765405275 0.44798456454825275 0.06923907430878296 0.03404324340636128
5 0.7505507649682966 0.4303804855275443 0.06056888986531428 0.03604382929642447
0 0.5009002057613169 0.37868923611111116 0.1023295120517344 0.03957919973544971
0 0.6383405688961244 0.32106926638176636 0.04267851490073715 0.019078144078144066
3 0.6219474969474968 0.3648695054945055 0.13397096730430058 0.1608923483923484
