5 0.531346985767956 0.2910547777405172 0.046307587387399485 0.020580659885237385
5 0.7139921459170285 0.39235174303396136 0.07635600358605044 0.0441490483303863
0 0.6823871418793133 0.5621080907878704 0.36743092298647845 0.15891387419165193
2 0.6826377636433502 0.6322924728127242 0.34026081512115036 0.024820481349811074
6 0.2744940244940245 0.5542309253246753 0.4447712781046114 0.15951930014430016
3 0.5361151194484528 0.3658234126984127 0.18839185505852174 0.17812049062049057
5 0.5321067821067821 0.29085497835497837 0.048100048100047976 0.02367424242424243
0 0.5296015712682379 0.3252389971139971 0.06313131313131315 0.021419552669552644
5 0.712086774293347 0.3913156972135845 0.08016674683341352 0.04622113997113997
0 0.7094898233395885 0.4147557377090828 0.08617925284591954 0.036638708513708484
2 0.3431405105045272 0.4075658331672976 0.1523839041272793 0.06361243939695826
0 0.348859519012936 0.4186694726705187 0.14057691881959666 0.03912216909078836
0 0.6677410139851455 0.39123630672926446 0.016146260277715596 0.05571624189581936
0 0.7022846958292968 0.36294153811759444 0.10665846933452572 0.014671361502347435
0 0.5313775658063609 0.3237014680676653 0.057960934330261504 0.02398651166256799
