2 0.3168654632800853 0.5791733395090843 0.1113895850737956 0.05874060150375937
5 0.42658613991244737 0.6065480249504798 0.05826414397902013 0.03567947646895009
0 0.4259620244025702 0.5869708994708994 0.0587889476778366 0.033503898635477425
3 0.5695950472257292 0.6334855543767393 0.15470775704693834 0.155771372876636
6 0.3112117375921057 0.4653721151037102 0.31729801668451973 0.13861500632973034
5 0.6256891373594697 0.7013124201822989 0.03229468047976913 0.01374102570972302
0 0.6140059954442851 0.6764397936045166 0.04203495457139772 0.02082465639316955
0 0.5770588683046596 0.45287880609850306 0.21762437587353406 0.15597078286472227
2 0.6782284930433079 0.45293209876543206 0.03292181069958855 0.14373897707231048
0 0.31559202463157265 0.5805673258003766 0.10686634980420295 0.04666061339790151
