3 0.49008068089276274 0.6963127499447357 0.12763389956372417 0.1836187691450849
5 0.508988520684427 0.7786393065998328 0.032488628979857104 0.016099275967697002
0 0.5056212345806606 0.7485131607656024 0.04514037416310285 0.02045043163464222
2 0.2704587280361186 0.5643448900027845 0.14078405891271387 0.07658033973823442
6 0.3533481181555309 0.46331406343726933 0.2805447248882326 0.1721984480262551
0 0.6232614563153351 0.522407504141659 0.3312565211738027 0.1857252847569748
2 0.7102238409316035 0.5518353174603174 0.15900195694716235 0.12247907153729087
0 0.2722249309280026 0.5631145376239233 0.13332851785639044 0.06915664445527914
0 0.35844678883296766 0.6015141066589238 0.06519658450552762 0.03432902632597756
5 0.35616154772658837 0.6225349641889275 0.06223921366197788 0.038563443670150965
