6 0.3393226104680361 0.4994702154942713 0.2802464700428463 0.19324570105820116
0 0.6160752962653547 0.5122572832129928 0.32929269823588947 0.22993138227513232
2 0.344216551823141 0.30537194690537717 0.05887012427710103 0.03605843177064105
3 0.37294282539766743 0.3407065509819747 0.1068663498042029 0.06894000538068334
5 0.4961275485730155 0.31641835915944433 0.1113901782783856 0.11151521468335113
2 0.3430886243386243 0.30562789351851855 0.06338183421516758 0.036685681216931165
6 0.336658583186361 0.4996486441798942 0.2838403880070547 0.1932457010582011
0 0.6163653733098178 0.511791087962963 0.3325249853027631 0.22993138227513238
2 0.702762359204077 0.33002848378615246 0.15093972149186874 0.08672947706690037
0 0.3739256526815212 0.3603653169014085 0.09610129915294235 0.02803278001341375
