3 0.6021999443052074 0.42924150654413806 0.09978650329527516 0.0439466722361459
3 0.6165104118320492 0.4061803815093288 0.04486524954361204 0.030893205235310528
2 0.6114824097280236 0.4222796574770259 0.10597481357715266 0.04655736563631302
2 0.3728456944831213 0.3515733778891673 0.10829542993285685 0.09311473127262604
5 0.3647235372381571 0.2930503341687552 0.10442773600668342 0.06570245057087165
6 0.34803273161116294 0.5725337009803921 0.31609866168689693 0.13367326097105503
0 0.42508552016381995 0.47322760200276975 0.17843826568658777 0.12184403962927448
5 0.5001006119574352 0.373188984766166 0.05859166932992438 0.08688878235858094
3 0.6088503012440372 0.4204618088846277 0.11096907070061424 0.05959039096622987
2 0.609590095048708 0.42262570576328967 0.10948948309127271 0.04527538084585059
5 0.3651622219854882 0.2931248002556727 0.100020122391487 0.06624853520826679
2 0.3721162837493933 0.35113388196441886 0.10623439035072141 0.0937133802066688
