6 0.5408090934406724 0.4783114363706469 0.2904665185366941 0.14348316157526692
0 0.7449158216702075 0.38147844480081317 0.12960155504015147 0.07387075643654589
5 0.477428273480905 0.3606659239882924 0.05657516622428882 0.07613457448983763
6 0.5421276254609588 0.47912157287157287 0.2946127946127946 0.14430014430014432
2 0.36744074734270804 0.35993800929462694 0.09637693461222868 0.09529379933791693
5 0.34748660191922603 0.31436251765374107 0.05477350335506359 0.03553534969758365
5 0.4797042625989995 0.3620557074504443 0.061127144460477845 0.07891414141414144
3 0.5897266313932981 0.38047889610389607 0.09720218053551388 0.029310966810966843
3 0.5907287157287158 0.35652281746031744 0.03908128908128894 0.02311056998556993
2 0.5902276735610068 0.3689236111111111 0.1002084335417669 0.02311056998556993
0 0.7430455347122014 0.38160624098124096 0.13728555395222053 0.07553210678210681
2 0.4832237288377639 0.4015447272026219 0.08104306349920382 0.00562303193882141
3 0.589436554348835 0.36991517254675144 0.09568079743518343 0.048398239187712855
2 0.5888117730222993 0.36800735813893704 0.09371719898035691 0.01988143435511852
