0 0.47035889120279983 0.41708042996907213 0.04702133033351302 0.08407021454293034
0 0.5121157929546087 0.5365382858187133 0.8125362596305579 0.3775987277220828
5 0.3167572803399575 0.5345034995625546 0.1497208682248052 0.11092363454568177
0 0.31597932288116337 0.5211376472879541 0.07323822507871586 0.0486902327393125
5 0.5782929113674455 0.5430161194912747 0.10413585724144736 0.08688257911860386
3 0.5685215077870445 0.5764617523092099 0.096403909963232 0.05324634561922692
2 0.725151171579743 0.5024289808515999 0.10340555975476617 0.1332593222474175
5 0.7487299606530186 0.5424365286564192 0.16946997945470899 0.19987384310570355
5 0.49349019634795777 0.3894464010797362 0.09518998477647539 0.14925250518046584
0 0.5272291935861868 0.41441927023952035 0.023229632479931817 0.0739835258474898
