0 0.4999346224574883 0.5518857271906051 0.8596448859406176 0.8061524067621627
5 0.34057229432405856 0.5288106675344827 0.1593753463600069 0.18909782503602152
0 0.33430163482558695 0.4934575293856731 0.07603839939169282 0.07207806609004219
3 0.5890177100283485 0.4402526048507136 0.08526245228372897 0.11624888988955179
5 0.5928919991419991 0.3550425425425425 0.08781102531102536 0.1523845273845274
5 0.7194077812284334 0.33351545126907445 0.2491096076111604 0.1792150032315664
2 0.6720149755136168 0.29733729937534287 0.15919425532197273 0.10605291447682755
5 0.4207212290315683 0.21445865312526569 0.10427052658427433 0.3300383707379325
0 0.41069747107882704 0.27084503313432645 0.07734732311003495 0.1876914540733194
0 0.4646218410609858 0.25182313422445 0.015174655388471181 0.17339355332776388
