0 0.5201038748832866 0.5315320572673513 0.46539449112978515 0.8257469654528478
2 0.5394745263696876 0.2640168970814132 0.1595302099334357 0.059097115548728485
5 0.5875476805709364 0.25660350272753374 0.2322505229481973 0.10151347360649687
5 0.5668236782902136 0.43262821314002414 0.07791994750656162 0.10181019039286754
3 0.6054907199100112 0.48874099070949467 0.07987282839645049 0.10259134274882309
5 0.4972179089026914 0.520761444674488 0.16843512767425806 0.22659305268000923
0 0.4822308627752176 0.5588357654889913 0.08560547875064006 0.12507467144563922
0 0.5134261478640674 0.5143416426973474 0.11601816341749227 0.14226234863818754
5 0.5024092970521542 0.6938145628621819 0.1162131519274377 0.15621063240110855
0 0.49235743680188127 0.6939851557907113 0.053277483833039485 0.07562953164805009
