0 0.5142827964519141 0.49797696856520385 0.7936507936507936 0.7566915655150949
5 0.35466055657025314 0.4993647208220892 0.1423055137973207 0.17104542966611935
0 0.3468256408754564 0.46888420589710794 0.06693072883109791 0.06602159908799365
5 0.5822764616734466 0.35727579697428946 0.0630633325356944 0.06347876950892023
5 0.46862999231950847 0.37469064686806625 0.09560611879160275 0.2570831199863458
5 0.710894297235023 0.30133355890006003 0.23141481054787516 0.16876201454017803
5 0.7499466076940036 0.3066325874485597 0.03918306327160481 0.03593933715461495
0 0.435812064634007 0.36554090061284306 0.026585874157816602 0.1448840927258193
0 0.4888945986068288 0.36458928095618737 0.05495603517186254 0.1677229644855544
2 0.6608944820211028 0.2661809365115432 0.13839324562875666 0.09644182599192822
3 0.5761168714797746 0.44568185697217955 0.0670442908346135 0.1173408431472947
5 0.7244418950075374 0.3081493304956992 0.010114613815731088 0.010345541071798081
0 0.5742284861603044 0.4743958342443191 0.03491352923171098 0.03343317737257129
