5 0.47695764393327955 0.3188475248856605 0.029530703524347612 0.042737198457537484
4 0.47795601291364004 0.3470120392789885 0.059061407048695114 0.10046744686575199
2 0.48667860505784233 0.4511226571607928 0.049603174603174593 0.04217671060891398
3 0.4762220036319613 0.46429412160344363 0.06463125504439066 0.09934647116850498
0 0.47007415254237295 0.4976431485965384 0.04014494215765402 0.030126221863509994
0 0.5064883474576272 0.4779560129136401 0.0038883844498250886 0.015973903685768065
0 0.46676377118644075 0.2567734956506143 0.038148204196933044 0.060392565689175864
0 0.5052272497982244 0.24829611694018475 0.004729116222760288 0.038113173706394055
2 0.4686028719397364 0.1754326966191373 0.04098567393058922 0.05576854093803246
3 0.477010189669088 0.23043056676531254 0.063265065913371 0.1256894000538068
