2 0.37619550508375393 0.3926346524272792 0.03897392290249435 0.018439275351717743
3 0.42231274230122157 0.31209616463072687 0.09554897227708292 0.1651915246385292
0 0.43568502669885156 0.3093531319337771 0.05554641211323241 0.10240655401945725
0 0.3996255760368664 0.28519920513008074 0.0316591690439616 0.06781386389681321
5 0.485859666447224 0.32398263965084245 0.029030429376051436 0.042059834686562825
4 0.48757406188281766 0.34958427815570675 0.05760368663594473 0.0969204886255578
3 0.5669525326628875 0.5081072378495294 0.13086944247448384 0.09227551527941152
2 0.6331323659649839 0.48964507119013556 0.016392465426800285 0.03888775348002821
0 0.5628257204169221 0.5301649749074642 0.06801808706315149 0.043855167245725135
0 0.5562793787042714 0.4736074210323137 0.0655698617072007 0.020437359493153506
